10579| 1|-1
3783| 1|-1
5215| 1|-1
3576| 3|2.0
10794| 1|-1
4219| 1|-1
1681| 2|-1
8424| 1|-1
5005| 3|2.0
10814| 2|2.0
1694| 2|2.0
7096| 1|-1
3555| 1|-1
4484| 1|-1
97| 6|3.25
8630| 1|-1
5202| 1|-1
5214| 1|-1
5212| 1|-1
6593| 1|-1
4486| 1|-1
6175| 1|-1
5421| 2|1.0
6782| 2|1.0
8417| 1|-1
8676| 2|1.0
1699| 2|2.0
10657| 1|-1
6348| 1|-1
4481| 1|-1
6987| 1|-1
5119| 7|6.5
6968| 2|2.0
10957| 2|-1
4485| 1|-1
4592| 1|-1
10958| 2|-1
4807| 1|-1
4480| 1|-1
851| 2|2.0
4482| 1|-1
1986| 1|-1
6712| 1|-1
10590| 2|-1
4214| 1|-1
3577| 3|3.0
4487| 1|-1
4861| 1|-1
1914| 1|-1
5011| 1|-1
4810| 1|-1
6369| 1|-1
6971| 1|-1
7936| 1|-1
1804| 3|2.0
6699| 1|-1
5200| 1|-1
11040| 2|-1
8093| 1|-1
4359| 1|-1
4483| 1|-1
826| 1|-1
4488| 1|-1
2629| 1|-1
4490| 1|-1
7331| 1|-1
7264| 1|-1
