9300| 1|-1
8710| 1|-1
8749| 1|-1
10277| 1|-1
11115| 1|-1
8106| 1|-1
8743| 1|-1
11119| 1|-1
11056| 2|-1
2846| 1|-1
1682| 1|-1
8167| 1|-1
11110| 1|-1
5722| 1|-1
11062| 1|-1
89| 1|-1
5567| 1|-1
11090| 1|-1
11132| 1|-1
7914| 1|-1
11033| 2|-1
10593| 7|2.785714285714286
213| 2|1.0
11109| 1|-1
10827| 1|-1
11053| 1|-1
290| 2|-1
8414| 1|-1
189| 1|-1
7535| 1|-1
7672| 1|-1
8638| 1|-1
8702| 1|-1
3816| 2|2.0
11063| 1|-1
8735| 3|2.0
10759| 1|-1
8430| 1|-1
10476| 1|-1
8747| 1|-1
11016| 2|-1
8759| 1|-1
11061| 1|-1
11039| 1|-1
6945| 2|-1
11102| 1|-1
3322| 1|-1
11070| 2|-1
7722| 2|-1
11107| 1|-1
11095| 5|3.0
8733| 2|-1
11094| 2|-1
11089| 2|-1
7843| 3|2.0
8527| 1|-1
10892| 2|-1
8588| 1|-1
5752| 2|-1
10772| 1|-1
10857| 1|-1
8634| 1|-1
10962| 1|-1
8604| 3|2.0
9272| 2|-1
8738| 1|-1
3840| 3|2.666666666666667
8696| 1|-1
4941| 1|-1
8732| 1|-1
8677| 2|-1
7805| 1|-1
3274| 1|-1
8643| 1|-1
9273| 2|-1
6810| 1|-1
10993| 1|-1
8389| 1|-1
7955| 2|-1
8501| 2|1.0
5670| 2|-1
4447| 1|-1
9286| 1|-1
10910| 6|2.0833333333333335
1238| 1|-1
6585| 1|-1
11087| 1|-1
6356| 2|1.0
11069| 2|-1
6475| 1|-1
2939| 1|-1
8564| 1|-1
11116| 1|-1
7902| 1|-1
11027| 2|-1
4313| 2|-1
8739| 4|2.0
11104| 2|-1
7669| 1|-1
8606| 1|-1
1733| 2|1.0
5515| 12|9.874999999999998
11124| 2|-1
11012| 2|-1
11118| 2|-1
7787| 1|-1
10714| 2|-1
11055| 2|1.0
10886| 3|3.0
10806| 1|-1
10423| 3|1.1666666666666667
10681| 1|-1
11021| 2|-1
3998| 1|-1
6340| 1|-1
7097| 2|-1
8149| 1|-1
6837| 1|-1
10697| 1|-1
8426| 2|-1
2772| 1|-1
8189| 2|1.0
8723| 2|-1
8450| 1|-1
8716| 1|-1
8752| 1|-1
8709| 1|-1
5601| 1|-1
10573| 1|-1
6980| 1|-1
8692| 2|2.0
8731| 1|-1
6594| 2|1.25
4735| 1|-1
7579| 1|-1
3121| 1|-1
11143| 1|-1
8761| 1|-1
9280| 1|-1
7593| 5|2.4000000000000004
8679| 1|-1
8006| 1|-1
9279| 1|-1
11131| 2|-1
6485| 1|-1
11111| 2|-1
4302| 1|-1
3542| 1|-1
10828| 3|2.666666666666667
10844| 1|-1
8159| 2|-1
10502| 1|-1
1684| 1|-1
8345| 1|-1
8756| 3|3.0
8524| 1|-1
