4200 | 6437|0
degree: 120 | 4
eff size: 71.03750000000002 | 1.0
constraint: 0.030497548843583962 | 0.38575394852280376
community: 16(63) | 16(63)

5006 | 1347|-1
degree: 18 | 7
eff size: 17.13888888888889 | 5.2857142857142865
constraint: 0.08709878464845809 | 0.3201058201058201
community: 5(223) | 5(223)

7632 | 3409|-1
degree: 2 | 2
eff size: 2.0 | -1
constraint: 0.5 | 0.5
community: 7(174) | 7(174)

6235 | 6660|0
degree: 24 | 17
eff size: 17.208333333333336 | 6.588235294117647
constraint: 0.07216364799486821 | 0.127301895346324
community: 4(236) | 4(236)

1673 | 4540|-1
degree: 101 | 11
eff size: 61.351485148514854 | 2.0909090909090904
constraint: 0.030838190156431137 | 0.1607401156287253
community: 15(63) | 15(63)

3066 | 6660|0
degree: 4 | 17
eff size: 3.0 | 6.588235294117647
constraint: 0.375 | 0.127301895346324
community: 4(236) | 4(236)

2118 | 8504|-1
degree: 22 | 2
eff size: 20.522727272727273 | -1
constraint: 0.06294486679302448 | 0.5
community: 6(194) | 6(194)

2907 | 2500|-1
degree: 15 | 19
eff size: 13.133333333333335 | 13.078947368421053
constraint: 0.17999157902443993 | 0.1471327499754272
community: 9(113) | 9(113)

1221 | 7721|-1
degree: 44 | 2
eff size: 43.42045454545454 | -1
constraint: 0.03302006746615048 | 0.5
community: 7(174) | 7(174)

1755 | 2529|0
degree: 91 | 13
eff size: 82.63186813186812 | 8.307692307692308
constraint: 0.01874014991541164 | 0.12998222962187553
community: 1(496) | 1(496)

6680 | 6683|-1
degree: 10 | 7
eff size: 7.500000000000001 | 4.785714285714286
constraint: 0.16027538619614515 | 0.23459325396825395
community: 1(496) | 1(496)

1675 | 1747|-1
degree: 4 | 1
eff size: 4.0 | -1
constraint: 0.25 | 1.0
community: 15(63) | 15(63)

4200 | 5771|0
degree: 120 | 6
eff size: 71.03750000000002 | 3.2500000000000004
constraint: 0.030497548843583962 | 0.2839971814986282
community: 16(63) | 16(63)

4200 | 4959|0
degree: 120 | 4
eff size: 71.03750000000002 | 1.0
constraint: 0.030497548843583962 | 0.38575394852280376
community: 16(63) | 16(63)

4003 | 7491|-1
degree: 32 | 2
eff size: 30.71875 | -1
constraint: 0.03782866331901568 | 0.5
community: 7(174) | 19(42)

4200 | 7949|0
degree: 120 | 3
eff size: 71.03750000000002 | 2.0
constraint: 0.030497548843583962 | 0.5555555555555556
community: 16(63) | 2(472)

3847 | 4436|0
degree: 98 | 20
eff size: 52.43367346938778 | 7.6000000000000005
constraint: 0.04108429487238038 | 0.10943194219067828
community: 4(236) | 4(236)

2500 | 2501|0
degree: 19 | 3
eff size: 13.078947368421053 | 1.5
constraint: 0.1471327499754272 | 0.6103019732567285
community: 9(113) | 9(113)

237 | 2041|0
degree: 30 | 64
eff size: 16.899999999999995 | 48.4921875
constraint: 0.06821543020100847 | 0.0401914304638628
community: 5(223) | 17(60)

2514 | 4688|-1
degree: 12 | 3
eff size: 9.708333333333332 | -1
constraint: 0.1368476137883766 | 0.4440098531760234
community: 9(113) | 9(113)

174 | 3951|0
degree: 89 | 39
eff size: 51.32022471910111 | 22.44871794871795
constraint: 0.04460002658540782 | 0.05271789999921194
community: 12(85) | 12(85)

3561 | 2033|-1
degree: 619 | 4
eff size: 573.4846526655897 | 2.625
constraint: 0.015477846617073824 | 0.4354040403381346
community: 3(447) | 12(85)

3257 | 6754|-1
degree: 46 | 9
eff size: 34.57608695652175 | 6.111111111111111
constraint: 0.041471803621029375 | 0.2242211746498055
community: 1(496) | 1(496)

1225 | 7966|-1
degree: 34 | 2
eff size: 26.500000000000004 | -1
constraint: 0.05379280113719589 | 0.5160835839514661
community: 5(223) | 5(223)

1239 | 7275|-1
degree: 431 | 2
eff size: 396.2366589327148 | 2.0
constraint: 0.022099515942575337 | 0.5
community: 3(447) | 3(447)

3300 | 5378|-1
degree: 48 | 46
eff size: 33.625 | 25.543478260869556
constraint: 0.04255365692506317 | 0.05298747879727844
community: 1(496) | 1(496)

4200 | 5101|0
degree: 120 | 3
eff size: 71.03750000000002 | 1.0
constraint: 0.030497548843583962 | 0.5643218449931412
community: 16(63) | 16(63)

5407 | 6881|-1
degree: 3 | 1
eff size: 3.0 | -1
constraint: 0.3333333333333333 | 1.0
community: 21(40) | 21(40)

2041 | 6243|-1
degree: 64 | 2
eff size: 48.4921875 | -1
constraint: 0.0401914304638628 | 0.5174872593792573
community: 17(60) | 17(60)

1239 | 4358|0
degree: 431 | 5
eff size: 396.2366589327148 | 2.6
constraint: 0.022099515942575337 | 0.32288633172280046
community: 3(447) | 3(447)

4150 | 4200|0
degree: 3 | 120
eff size: 1.0 | 71.03750000000002
constraint: 0.5643218449931412 | 0.030497548843583962
community: 16(63) | 16(63)

1280 | 6939|-1
degree: 26 | 10
eff size: 14.82692307692308 | 4.550000000000001
constraint: 0.07905217097058558 | 0.17971258067256934
community: 4(236) | 4(236)

1103 | 1890|0
degree: 19 | 14
eff size: 10.421052631578947 | 7.928571428571429
constraint: 0.15458690297402328 | 0.17982101550002721
community: 1(496) | 1(496)

4200 | 6078|0
degree: 120 | 5
eff size: 71.03750000000002 | 3.0
constraint: 0.030497548843583962 | 0.29122412508927664
community: 16(63) | 12(85)

3951 | 10467|-1
degree: 39 | 2
eff size: 22.44871794871795 | -1
constraint: 0.05271789999921194 | 0.527689305738184
community: 12(85) | 12(85)

1 | 5462|0
degree: 223 | 21
eff size: 201.53811659192837 | 10.857142857142858
constraint: 0.026862691101231753 | 0.088582604061997
community: 2(472) | 1(496)

5672 | 6592|-1
degree: 10 | 2
eff size: 8.0 | -1
constraint: 0.14000000000000004 | 0.5
community: 2(472) | 2(472)

3257 | 5539|-1
degree: 46 | 6
eff size: 34.57608695652175 | 4.416666666666667
constraint: 0.041471803621029375 | 0.24322395771657518
community: 1(496) | 1(496)

1755 | 6873|0
degree: 91 | 10
eff size: 82.63186813186812 | 8.1
constraint: 0.01874014991541164 | 0.17467000165957147
community: 1(496) | 1(496)

1347 | 6924|-1
degree: 7 | 3
eff size: 5.2857142857142865 | -1
constraint: 0.3201058201058201 | 0.3800355533159766
community: 5(223) | 5(223)

1 | 714|-1
degree: 223 | 2
eff size: 201.53811659192837 | -1
constraint: 0.026862691101231753 | 0.5
community: 2(472) | 2(472)

6347 | 4943|-1
degree: 39 | 1
eff size: 38.076923076923066 | -1
constraint: 0.04952543978234135 | 1.0
community: 2(472) | 2(472)

266 | 234|-1
degree: 6 | 1
eff size: 4.75 | -1
constraint: 0.23972993827160494 | 1.0
community: 5(223) | 5(223)

3561 | 6563|-1
degree: 619 | 3
eff size: 573.4846526655897 | -1
constraint: 0.015477846617073824 | 0.3380833067150809
community: 3(447) | 3(447)

702 | 3300|-1
degree: 103 | 48
eff size: 80.46601941747574 | 33.625
constraint: 0.021485340882799325 | 0.04255365692506317
community: 1(496) | 1(496)

1880 | 1883|-1
degree: 4 | 2
eff size: 3.375 | -1
constraint: 0.3368077576988173 | 0.6461496950851346
community: 1(496) | 1(496)

6461 | 10303|-1
degree: 30 | 16
eff size: 18.050000000000004 | 10.25
constraint: 0.08769124338293822 | 0.10989564990544534
community: 4(236) | 4(236)

10689 | 10692|-1
degree: 2 | 2
eff size: 2.0 | -1
constraint: 0.5 | 0.5
community: 5(223) | 5(223)

3257 | 5430|-1
degree: 46 | 5
eff size: 34.57608695652175 | 4.8
constraint: 0.041471803621029375 | 0.21620247847090948
community: 1(496) | 1(496)

3257 | 5427|-1
degree: 46 | 4
eff size: 34.57608695652175 | 3.0
constraint: 0.041471803621029375 | 0.375
community: 1(496) | 1(496)

2548 | 7290|-1
degree: 140 | 1
eff size: 123.01428571428565 | -1
constraint: 0.028100327886128672 | 1.0
community: 2(472) | 2(472)

7372 | 8001|-1
degree: 3 | 5
eff size: 3.0 | 4.6
constraint: 0.3333333333333333 | 0.2085937572307835
community: 17(60) | 4(236)

816 | 6401|-1
degree: 18 | 2
eff size: 17.555555555555557 | -1
constraint: 0.08165675964029873 | 0.5570987654320988
community: 13(83) | 13(83)

3257 | 2871|-1
degree: 46 | 6
eff size: 34.57608695652175 | 4.75
constraint: 0.041471803621029375 | 0.22346581873299626
community: 1(496) | 1(496)

3254 | 5598|-1
degree: 11 | 1
eff size: 9.818181818181818 | -1
constraint: 0.11970717273747576 | 1.0
community: 6(194) | 6(194)

4000 | 4861|-1
degree: 69 | 2
eff size: 54.492753623188406 | 2.0
constraint: 0.02491717255317923 | 0.5
community: 1(496) | 1(496)

145 | 1201|-1
degree: 42 | 3
eff size: 33.19047619047618 | -1
constraint: 0.045434747977449855 | 0.3333333333333333
community: 5(223) | 5(223)

2500 | 2511|0
degree: 19 | 4
eff size: 13.078947368421053 | 3.0
constraint: 0.1471327499754272 | 0.375
community: 9(113) | 9(113)

6073 | 9999|-1
degree: 3 | 1
eff size: 2.3333333333333335 | -1
constraint: 0.3349850607899427 | 1.0
community: 2(472) | 2(472)

5683 | 8081|-1
degree: 41 | 2
eff size: 32.5609756097561 | -1
constraint: 0.046817937168269964 | 0.5
community: 21(40) | 21(40)

3763 | 3847|0
degree: 8 | 98
eff size: 1.625 | 52.43367346938778
constraint: 0.2389778750340019 | 0.04108429487238038
community: 4(236) | 4(236)

2856 | 6656|-1
degree: 23 | 2
eff size: 21.347826086956527 | -1
constraint: 0.06116750134821087 | 0.5
community: 1(496) | 1(496)

2041 | 10732|-1
degree: 64 | 2
eff size: 48.4921875 | -1
constraint: 0.0401914304638628 | 0.5
community: 17(60) | 17(60)

1331 | 5761|-1
degree: 4 | 4
eff size: 4.0 | -1
constraint: 0.25 | 0.2526718600272331
community: 16(63) | 16(63)

2033 | 4459|0
degree: 4 | 5
eff size: 2.625 | 3.5
constraint: 0.4354040403381346 | 0.3336603925728285
community: 12(85) | 12(85)

1225 | 10932|0
degree: 34 | 2
eff size: 26.500000000000004 | 1.0
constraint: 0.05379280113719589 | 1.0
community: 5(223) | 5(223)

237 | 10797|0
degree: 30 | 3
eff size: 16.899999999999995 | 2.0
constraint: 0.06821543020100847 | 0.5555555555555556
community: 5(223) | 5(223)

4200 | 4527|0
degree: 120 | 9
eff size: 71.03750000000002 | 2.9444444444444446
constraint: 0.030497548843583962 | 0.22465234711927765
community: 16(63) | 5(223)

174 | 6259|0
degree: 89 | 13
eff size: 51.32022471910111 | 5.115384615384615
constraint: 0.04460002658540782 | 0.14936950489524156
community: 12(85) | 5(223)

2118 | 5434|-1
degree: 22 | 4
eff size: 20.522727272727273 | 4.0
constraint: 0.06294486679302448 | 0.25
community: 6(194) | 6(194)

2516 | 2915|-1
degree: 37 | 16
eff size: 32.64864864864866 | 14.15625
constraint: 0.13409275064438866 | 0.11955322547041734
community: 9(113) | 9(113)

237 | 6259|0
degree: 30 | 13
eff size: 16.899999999999995 | 5.115384615384615
constraint: 0.06821543020100847 | 0.14936950489524156
community: 5(223) | 5(223)

1916 | 7365|-1
degree: 6 | 3
eff size: 6.0 | -1
constraint: 0.16666666666666669 | 0.3333333333333333
community: 10(94) | 10(94)

3602 | 7277|-1
degree: 18 | 1
eff size: 17.333333333333336 | -1
constraint: 0.0922123151958543 | 1.0
community: 13(83) | 13(83)

2914 | 5798|-1
degree: 206 | 2
eff size: 111.72815533980582 | -1
constraint: 0.025917335359892893 | 0.5309824584065008
community: 4(236) | 4(236)

7170 | 1503|-1
degree: 20 | 1
eff size: 13.825 | -1
constraint: 0.09561881163319094 | 1.0
community: 20(40) | 20(40)

577 | 839|-1
degree: 21 | 2
eff size: 19.309523809523814 | -1
constraint: 0.06579008413757043 | 0.5768764172335601
community: 13(83) | 13(83)

5455 | 5456|0
degree: 3 | 2
eff size: 2.0 | 1.0
constraint: 0.5555555555555556 | 1.0
community: 23(23) | 23(23)

1675 | 6427|-1
degree: 4 | 2
eff size: 4.0 | -1
constraint: 0.25 | 0.5
community: 15(63) | 15(63)

5683 | 6448|-1
degree: 41 | 2
eff size: 32.5609756097561 | -1
constraint: 0.046817937168269964 | 0.5
community: 21(40) | 21(40)

1280 | 4565|0
degree: 26 | 30
eff size: 14.82692307692308 | 14.316666666666668
constraint: 0.07905217097058558 | 0.07899801129158664
community: 4(236) | 4(236)

3257 | 6783|-1
degree: 46 | 4
eff size: 34.57608695652175 | 2.25
constraint: 0.041471803621029375 | 0.44465217266272744
community: 1(496) | 1(496)

2118 | 8498|-1
degree: 22 | 3
eff size: 20.522727272727273 | -1
constraint: 0.06294486679302448 | 0.3614153911356708
community: 6(194) | 6(194)

3404 | 3561|0
degree: 6 | 619
eff size: 3.666666666666667 | 573.4846526655897
constraint: 0.22522357225988937 | 0.015477846617073824
community: 3(447) | 3(447)

2907 | 3836|0
degree: 15 | 2
eff size: 13.133333333333335 | 1.0
constraint: 0.17999157902443993 | 1.0
community: 9(113) | 9(113)

3384 | 6663|-1
degree: 16 | 1
eff size: 15.34375 | -1
constraint: 0.07827736365871353 | 1.0
community: 17(60) | 17(60)

3462 | 4782|0
degree: 9 | 2
eff size: 5.833333333333333 | 1.0
constraint: 0.20868832518861452 | 1.0
community: 7(174) | 7(174)

517 | 5407|-1
degree: 8 | 3
eff size: 5.5 | 3.0
constraint: 0.19070886285913344 | 0.3333333333333333
community: 21(40) | 21(40)

1 | 5760|-1
degree: 223 | 3
eff size: 201.53811659192837 | -1
constraint: 0.026862691101231753 | 0.3363688812442674
community: 2(472) | 2(472)

3257 | 6859|-1
degree: 46 | 3
eff size: 34.57608695652175 | -1
constraint: 0.041471803621029375 | 0.3333333333333333
community: 1(496) | 1(496)

4200 | 10621|0
degree: 120 | 3
eff size: 71.03750000000002 | 2.0
constraint: 0.030497548843583962 | 0.5555555555555556
community: 16(63) | 2(472)

3561 | 6097|-1
degree: 619 | 1
eff size: 573.4846526655897 | -1
constraint: 0.015477846617073824 | 1.0
community: 3(447) | 3(447)

10399 | 2933|-1
degree: 5 | 5
eff size: 4.0 | 3.2
constraint: 0.2465090575019097 | 0.2700180051574594
community: 3(447) | 3(447)

1347 | 8148|-1
degree: 7 | 3
eff size: 5.2857142857142865 | -1
constraint: 0.3201058201058201 | 0.3800355533159766
community: 5(223) | 5(223)

2497 | 4608|-1
degree: 166 | 1
eff size: 93.71987951807229 | -1
constraint: 0.027578017746136448 | 1.0
community: 9(113) | 9(113)

1221 | 4802|-1
degree: 44 | 1
eff size: 43.42045454545454 | -1
constraint: 0.03302006746615048 | 1.0
community: 7(174) | 7(174)

568 | 2914|0
degree: 27 | 206
eff size: 10.981481481481481 | 111.72815533980582
constraint: 0.08394308957087308 | 0.025917335359892893
community: 4(236) | 4(236)

4911 | 10742|-1
degree: 4 | 1
eff size: 3.5 | -1
constraint: 0.2514738079561749 | 1.0
community: 2(472) | 2(472)

4544 | 1760|-1
degree: 20 | 5
eff size: 4.4750000000000005 | 3.2
constraint: 0.11992703126546281 | 0.2861002692664928
community: 3(447) | 3(447)

174 | 6082|0
degree: 89 | 15
eff size: 51.32022471910111 | 9.066666666666666
constraint: 0.04460002658540782 | 0.13729702441489888
community: 12(85) | 3(447)

7321 | 4200|-1
degree: 2 | 120
eff size: 2.0 | 71.03750000000002
constraint: 0.5 | 0.030497548843583962
community: 11(89) | 16(63)

3328 | 6728|-1
degree: 8 | 5
eff size: 5.3125 | 4.7
constraint: 0.2189065313922308 | 0.26062500000000005
community: 1(496) | 1(496)

5441 | 5450|0
degree: 11 | 2
eff size: 5.7272727272727275 | 1.0
constraint: 0.20061728395061731 | 1.0
community: 23(23) | 23(23)

3300 | 6680|-1
degree: 48 | 10
eff size: 33.625 | 7.500000000000001
constraint: 0.04255365692506317 | 0.16027538619614515
community: 1(496) | 1(496)

1326 | 5095|-1
degree: 8 | 1
eff size: 8.0 | -1
constraint: 0.125 | 1.0
community: 15(63) | 15(63)

3344 | 5600|-1
degree: 10 | 2
eff size: 6.800000000000001 | -1
constraint: 0.16219096572822542 | 0.5
community: 1(496) | 1(496)

266 | 4595|-1
degree: 6 | 2
eff size: 4.75 | -1
constraint: 0.23972993827160494 | 0.5
community: 5(223) | 5(223)

1275 | 3227|-1
degree: 11 | 1
eff size: 8.727272727272727 | -1
constraint: 0.12442177855374106 | 1.0
community: 21(40) | 21(40)

2856 | 5630|-1
degree: 23 | 2
eff size: 21.347826086956527 | -1
constraint: 0.06116750134821087 | 0.5
community: 1(496) | 4(236)

3302 | 5392|-1
degree: 16 | 2
eff size: 14.84375 | -1
constraint: 0.10808674060450453 | 0.5371044963297672
community: 1(496) | 1(496)

559 | 6679|0
degree: 3 | 12
eff size: 2.0 | 6.791666666666667
constraint: 0.5555555555555556 | 0.16199351861693748
community: 1(496) | 1(496)

1 | 7865|-1
degree: 223 | 2
eff size: 201.53811659192837 | -1
constraint: 0.026862691101231753 | 0.5
community: 2(472) | 15(63)

2764 | 7580|-1
degree: 14 | 2
eff size: 13.285714285714286 | -1
constraint: 0.12053044358239164 | 0.5484825645134086
community: 7(174) | 7(174)

6660 | 5378|-1
degree: 17 | 46
eff size: 6.588235294117647 | 25.543478260869556
constraint: 0.127301895346324 | 0.05298747879727844
community: 4(236) | 1(496)

7594 | 7175|-1
degree: 14 | 2
eff size: 9.42857142857143 | -1
constraint: 0.128397434297699 | 0.5484825645134086
community: 7(174) | 7(174)

1853 | 6883|-1
degree: 17 | 2
eff size: 15.0 | -1
constraint: 0.07266435986159167 | 0.5
community: 11(89) | 1(496)

5459 | 5557|0
degree: 83 | 7
eff size: 41.40963855421688 | 3.7142857142857144
constraint: 0.043101578911044956 | 0.269777481078011
community: 1(496) | 1(496)

3304 | 6848|0
degree: 11 | 3
eff size: 6.0 | 2.0
constraint: 0.17355371900826447 | 0.5555555555555556
community: 1(496) | 1(496)

293 | 3257|0
degree: 192 | 46
eff size: 106.13541666666666 | 34.57608695652175
constraint: 0.023740099059368754 | 0.041471803621029375
community: 5(223) | 1(496)

1299 | 3300|0
degree: 19 | 48
eff size: 12.921052631578949 | 33.625
constraint: 0.08591324689762898 | 0.04255365692506317
community: 1(496) | 1(496)

5413 | 6583|0
degree: 112 | 5
eff size: 57.245535714285694 | 1.5999999999999999
constraint: 0.032816444658751456 | 0.3722444151198321
community: 4(236) | 4(236)

1280 | 3847|-1
degree: 26 | 98
eff size: 14.82692307692308 | 52.43367346938778
constraint: 0.07905217097058558 | 0.04108429487238038
community: 4(236) | 4(236)

5676 | 7829|-1
degree: 9 | 2
eff size: 7.0 | -1
constraint: 0.16049382716049382 | 0.5
community: 2(472) | 2(472)

7960 | 5749|-1
degree: 6 | 3
eff size: 3.8333333333333335 | -1
constraint: 0.25838183192878544 | 0.3420297059152879
community: 12(85) | 12(85)

2548 | 5561|-1
degree: 140 | 3
eff size: 123.01428571428565 | 3.0
constraint: 0.028100327886128672 | 0.3333333333333333
community: 2(472) | 11(89)

3303 | 6730|0
degree: 22 | 10
eff size: 19.613636363636367 | 8.3
constraint: 0.06448562086119841 | 0.18220443067033976
community: 1(496) | 1(496)

2548 | 7222|-1
degree: 140 | 2
eff size: 123.01428571428565 | -1
constraint: 0.028100327886128672 | 0.5095194464271569
community: 2(472) | 2(472)

1270 | 8450|-1
degree: 8 | 1
eff size: 7.3125 | -1
constraint: 0.15937793216675714 | 1.0
community: 1(496) | 1(496)

1205 | 2131|-1
degree: 2 | 1
eff size: 2.0 | -1
constraint: 0.5 | 1.0
community: 11(89) | 11(89)

3257 | 5577|-1
degree: 46 | 2
eff size: 34.57608695652175 | -1
constraint: 0.041471803621029375 | 0.5
community: 1(496) | 1(496)

1755 | 1241|-1
degree: 91 | 7
eff size: 82.63186813186812 | 7.0
constraint: 0.01874014991541164 | 0.14285714285714285
community: 1(496) | 1(496)

6081 | 4358|-1
degree: 5 | 5
eff size: 3.1 | 2.6
constraint: 0.29110040672677584 | 0.32288633172280046
community: 3(447) | 3(447)

5672 | 10570|-1
degree: 10 | 1
eff size: 8.0 | -1
constraint: 0.14000000000000004 | 1.0
community: 2(472) | 2(472)

5441 | 5445|0
degree: 11 | 6
eff size: 5.7272727272727275 | 3.75
constraint: 0.20061728395061731 | 0.30148567606480065
community: 23(23) | 23(23)

6721 | 8248|-1
degree: 2 | 2
eff size: 2.0 | -1
constraint: 0.5 | 0.5
community: 16(63) | 16(63)

4200 | 5557|0
degree: 120 | 7
eff size: 71.03750000000002 | 3.7142857142857144
constraint: 0.030497548843583962 | 0.269777481078011
community: 16(63) | 1(496)

1804 | 5400|0
degree: 4 | 27
eff size: 2.0 | 22.35185185185185
constraint: 0.5 | 0.05403462113882028
community: 1(496) | 1(496)

683 | 3847|0
degree: 6 | 98
eff size: 2.666666666666667 | 52.43367346938778
constraint: 0.2909970402523629 | 0.04108429487238038
community: 5(223) | 4(236)

1 | 7923|-1
degree: 223 | 2
eff size: 201.53811659192837 | -1
constraint: 0.026862691101231753 | 0.5058952318246998
community: 2(472) | 2(472)

10797 | 10792|-1
degree: 3 | 2
eff size: 2.0 | -1
constraint: 0.5555555555555556 | 0.5
community: 5(223) | 5(223)

266 | 1225|0
degree: 6 | 34
eff size: 4.75 | 26.500000000000004
constraint: 0.23972993827160494 | 0.05379280113719589
community: 5(223) | 5(223)

549 | 6509|0
degree: 10 | 9
eff size: 7.8500000000000005 | 5.333333333333333
constraint: 0.14686570924666167 | 0.20733676006410795
community: 13(83) | 13(83)

3741 | 10575|-1
degree: 11 | 1
eff size: 9.227272727272727 | -1
constraint: 0.1872622252773482 | 1.0
community: 10(94) | 10(94)

1 | 2548|0
degree: 223 | 140
eff size: 201.53811659192837 | 123.01428571428565
constraint: 0.026862691101231753 | 0.028100327886128672
community: 2(472) | 2(472)

3561 | 3080|-1
degree: 619 | 1
eff size: 573.4846526655897 | -1
constraint: 0.015477846617073824 | 1.0
community: 3(447) | 3(447)

6968 | 6089|-1
degree: 2 | 2
eff size: 2.0 | -1
constraint: 0.5 | 0.5
community: 10(94) | 10(94)

6083 | 6968|-1
degree: 3 | 2
eff size: 3.0 | 2.0
constraint: 0.3333333333333333 | 0.5
community: 10(94) | 10(94)

1292 | 3632|0
degree: 4 | 8
eff size: 2.375 | 6.4375
constraint: 0.4271006944444445 | 0.19953125
community: 19(42) | 19(42)

517 | 6827|0
degree: 8 | 3
eff size: 5.5 | 2.0
constraint: 0.19070886285913344 | 0.5555555555555556
community: 21(40) | 21(40)

3300 | 1198|-1
degree: 48 | 3
eff size: 33.625 | 1.0
constraint: 0.04255365692506317 | 0.6259751932218459
community: 1(496) | 1(496)

4774 | 3976|-1
degree: 13 | 9
eff size: 11.53846153846154 | 8.0
constraint: 0.11548620756164557 | 0.13580246913580246
community: 9(113) | 22(30)

7656 | 7534|-1
degree: 4 | 1
eff size: 4.0 | -1
constraint: 0.25 | 1.0
community: 7(174) | 7(174)

8228 | 6689|-1
degree: 5 | 5
eff size: 4.8 | 5.0
constraint: 0.21026666726300428 | 0.20000000000000004
community: 1(496) | 1(496)

3149 | 5682|-1
degree: 3 | 2
eff size: 3.0 | -1
constraint: 0.3333333333333333 | 0.5
community: 18(54) | 18(54)

6302 | 10589|-1
degree: 4 | 2
eff size: 2.5 | -1
constraint: 0.2555847127827316 | 0.5
community: 3(447) | 3(447)

237 | 1746|0
degree: 30 | 18
eff size: 16.899999999999995 | 6.944444444444445
constraint: 0.06821543020100847 | 0.11049801103574072
community: 5(223) | 5(223)

5303 | 3916|-1
degree: 3 | 1
eff size: 3.0 | -1
constraint: 0.3333333333333333 | 1.0
community: 20(40) | 20(40)

174 | 8218|-1
degree: 89 | 7
eff size: 51.32022471910111 | 4.2857142857142865
constraint: 0.04460002658540782 | 0.19096146200130792
community: 12(85) | 15(63)

1 | 10358|-1
degree: 223 | 1
eff size: 201.53811659192837 | -1
constraint: 0.026862691101231753 | 1.0
community: 2(472) | 2(472)

3742 | 7336|-1
degree: 6 | 2
eff size: 4.583333333333333 | -1
constraint: 0.21870975023587003 | 0.5909727044753087
community: 3(447) | 3(447)

3847 | 6248|0
degree: 98 | 6
eff size: 52.43367346938778 | 1.75
constraint: 0.04108429487238038 | 0.29124711225499694
community: 4(236) | 4(236)

3847 | 6402|0
degree: 98 | 11
eff size: 52.43367346938778 | 6.863636363636364
constraint: 0.04108429487238038 | 0.14728040055508376
community: 4(236) | 5(223)

5651 | 8091|-1
degree: 5 | 2
eff size: 5.0 | -1
constraint: 0.20000000000000004 | 0.5
community: 2(472) | 2(472)

2493 | 8013|-1
degree: 22 | 2
eff size: 21.84090909090909 | -1
constraint: 0.0497227095644598 | 0.5
community: 13(83) | 13(83)

1331 | 6993|-1
degree: 4 | 9
eff size: 4.0 | 7.333333333333334
constraint: 0.25 | 0.14289487720890984
community: 16(63) | 16(63)

8001 | 6889|-1
degree: 5 | 5
eff size: 4.6 | 4.4
constraint: 0.2085937572307835 | 0.268078231292517
community: 4(236) | 1(496)

1800 | 1880|-1
degree: 32 | 4
eff size: 18.203125 | 3.375
constraint: 0.06010532279666729 | 0.3368077576988173
community: 1(496) | 1(496)

701 | 5101|-1
degree: 720 | 3
eff size: 680.9215277777794 | 1.0
constraint: 0.011790188428286752 | 0.5643218449931412
community: 2(472) | 16(63)

4200 | 6938|0
degree: 120 | 5
eff size: 71.03750000000002 | 2.6
constraint: 0.030497548843583962 | 0.37686856463218654
community: 16(63) | 16(63)

1221 | 6553|-1
degree: 44 | 14
eff size: 43.42045454545454 | 10.178571428571429
constraint: 0.03302006746615048 | 0.10862043880885551
community: 7(174) | 20(40)

6664 | 8329|-1
degree: 21 | 2
eff size: 18.857142857142858 | -1
constraint: 0.06134389175716197 | 0.5
community: 1(496) | 1(496)

2854 | 8439|-1
degree: 12 | 1
eff size: 12.0 | -1
constraint: 0.08333333333333336 | 1.0
community: 6(194) | 6(194)

1292 | 6342|-1
degree: 4 | 2
eff size: 2.375 | -1
constraint: 0.4271006944444445 | 0.5
community: 19(42) | 19(42)

3491 | 10342|-1
degree: 56 | 2
eff size: 41.0625 | -1
constraint: 0.039435339343041324 | 0.5195668383093979
community: 4(236) | 4(236)

1 | 3847|-1
degree: 223 | 98
eff size: 201.53811659192837 | 52.43367346938778
constraint: 0.026862691101231753 | 0.04108429487238038
community: 2(472) | 4(236)

3257 | 5549|-1
degree: 46 | 6
eff size: 34.57608695652175 | 5.5
constraint: 0.041471803621029375 | 0.1761383933390418
community: 1(496) | 1(496)

702 | 3246|-1
degree: 103 | 5
eff size: 80.46601941747574 | 2.9
constraint: 0.021485340882799325 | 0.3317248324006764
community: 1(496) | 6(194)

6235 | 10741|0
degree: 24 | 3
eff size: 17.208333333333336 | 1.5
constraint: 0.07216364799486821 | 0.575463177297668
community: 4(236) | 4(236)

87 | 1225|0
degree: 3 | 34
eff size: 2.0 | 26.500000000000004
constraint: 0.5555555555555556 | 0.05379280113719589
community: 5(223) | 5(223)

5403 | 8412|-1
degree: 5 | 2
eff size: 4.6 | -1
constraint: 0.21937756309624445 | 0.5
community: 1(496) | 1(496)

266 | 4912|-1
degree: 6 | 4
eff size: 4.75 | -1
constraint: 0.23972993827160494 | 0.3380250390129974
community: 5(223) | 5(223)

6793 | 6820|0
degree: 5 | 3
eff size: 3.0 | 2.0
constraint: 0.3600000000000001 | 0.5555555555555556
community: 1(496) | 1(496)

4004 | 8452|-1
degree: 29 | 2
eff size: 27.79310344827586 | -1
constraint: 0.038248719476686406 | 0.5
community: 10(94) | 10(94)

3257 | 6742|0
degree: 46 | 12
eff size: 34.57608695652175 | 5.333333333333334
constraint: 0.041471803621029375 | 0.19247608311931955
community: 1(496) | 1(496)

5413 | 6902|0
degree: 112 | 7
eff size: 57.245535714285694 | 3.857142857142857
constraint: 0.032816444658751456 | 0.24313931342247724
community: 4(236) | 1(496)

288 | 3230|-1
degree: 3 | 2
eff size: 3.0 | -1
constraint: 0.3333333333333333 | 0.5
community: 23(23) | 23(23)

237 | 6200|0
degree: 30 | 6
eff size: 16.899999999999995 | 2.8333333333333335
constraint: 0.06821543020100847 | 0.30015547847412405
community: 5(223) | 5(223)

8578 | 5409|-1
degree: 6 | 4
eff size: 3.666666666666667 | 4.0
constraint: 0.283863793689515 | 0.25
community: 1(496) | 1(496)

3564 | 2052|-1
degree: 5 | 2
eff size: 4.2 | -1
constraint: 0.20862988513722777 | 0.5
community: 12(85) | 12(85)

6846 | 3254|-1
degree: 7 | 11
eff size: 6.714285714285715 | 9.818181818181818
constraint: 0.17315444696397073 | 0.11970717273747576
community: 6(194) | 6(194)

6765 | 8306|-1
degree: 21 | 2
eff size: 17.571428571428573 | -1
constraint: 0.07140360890445092 | 0.5
community: 1(496) | 1(496)

3343 | 6820|-1
degree: 17 | 3
eff size: 15.617647058823529 | 2.0
constraint: 0.07473786285351502 | 0.5555555555555556
community: 6(194) | 1(496)

3384 | 6210|-1
degree: 16 | 2
eff size: 15.34375 | -1
constraint: 0.07827736365871353 | 0.5333880011227464
community: 17(60) | 17(60)

3302 | 5502|-1
degree: 16 | 1
eff size: 14.84375 | -1
constraint: 0.10808674060450453 | 1.0
community: 1(496) | 1(496)

1335 | 5750|-1
degree: 9 | 2
eff size: 8.0 | -1
constraint: 0.13580246913580246 | 0.5
community: 20(40) | 20(40)

1890 | 3333|0
degree: 14 | 48
eff size: 7.928571428571429 | 23.625
constraint: 0.17982101550002721 | 0.06391437475798738
community: 1(496) | 1(496)

1239 | 5693|-1
degree: 431 | 8
eff size: 396.2366589327148 | 4.125
constraint: 0.022099515942575337 | 0.19593054353264355
community: 3(447) | 4(236)

6922 | 1761|-1
degree: 5 | 2
eff size: 5.0 | 2.0
constraint: 0.20000000000000004 | 0.5
community: 5(223) | 5(223)

4200 | 5714|0
degree: 120 | 4
eff size: 71.03750000000002 | 2.25
constraint: 0.030497548843583962 | 0.38039754973385753
community: 16(63) | 16(63)

1673 | 1325|-1
degree: 101 | 12
eff size: 61.351485148514854 | 12.0
constraint: 0.030838190156431137 | 0.08333333333333336
community: 15(63) | 14(81)

701 | 3844|-1
degree: 720 | 3
eff size: 680.9215277777794 | -1
constraint: 0.011790188428286752 | 0.3414262038935622
community: 2(472) | 4(236)

4200 | 7035|0
degree: 120 | 5
eff size: 71.03750000000002 | 1.5999999999999999
constraint: 0.030497548843583962 | 0.2897497734108516
community: 16(63) | 16(63)

7170 | 2490|-1
degree: 20 | 1
eff size: 13.825 | -1
constraint: 0.09561881163319094 | 1.0
community: 20(40) | 20(40)

5646 | 3847|-1
degree: 57 | 98
eff size: 48.508771929824555 | 52.43367346938778
constraint: 0.03198633257994543 | 0.04108429487238038
community: 5(223) | 4(236)

3847 | 6091|0
degree: 98 | 3
eff size: 52.43367346938778 | 1.0
constraint: 0.04108429487238038 | 0.566046383637019
community: 4(236) | 4(236)

701 | 1225|0
degree: 720 | 34
eff size: 680.9215277777794 | 26.500000000000004
constraint: 0.011790188428286752 | 0.05379280113719589
community: 2(472) | 5(223)

5442 | 5448|0
degree: 2 | 3
eff size: 1.0 | 2.0
constraint: 1.0 | 0.5555555555555556
community: 23(23) | 23(23)

513 | 6679|0
degree: 9 | 12
eff size: 5.666666666666666 | 6.791666666666667
constraint: 0.18586463216052676 | 0.16199351861693748
community: 1(496) | 1(496)

6897 | 3324|-1
degree: 4 | 4
eff size: 4.0 | 3.5
constraint: 0.25 | 0.3400051652892562
community: 1(496) | 1(496)

2118 | 3316|-1
degree: 22 | 8
eff size: 20.522727272727273 | 7.125
constraint: 0.06294486679302448 | 0.1446598957481106
community: 6(194) | 6(194)

517 | 5501|0
degree: 8 | 3
eff size: 5.5 | 2.0
constraint: 0.19070886285913344 | 0.5555555555555556
community: 21(40) | 21(40)

1916 | 6125|-1
degree: 6 | 2
eff size: 6.0 | -1
constraint: 0.16666666666666669 | 0.5
community: 10(94) | 10(94)

4200 | 10684|0
degree: 120 | 3
eff size: 71.03750000000002 | 2.0
constraint: 0.030497548843583962 | 0.5555555555555556
community: 16(63) | 20(40)

5203 | 5248|0
degree: 2 | 3
eff size: 1.0 | 2.0
constraint: 1.0 | 0.5555555555555556
community: 8(117) | 8(117)

4433 | 7637|-1
degree: 5 | 2
eff size: 3.8999999999999995 | -1
constraint: 0.23544770277397714 | 0.5
community: 7(174) | 7(174)

701 | 4436|0
degree: 720 | 20
eff size: 680.9215277777794 | 7.6000000000000005
constraint: 0.011790188428286752 | 0.10943194219067828
community: 2(472) | 4(236)

8342 | 2820|-1
degree: 13 | 2
eff size: 12.26923076923077 | -1
constraint: 0.11642607049244097 | 0.5
community: 6(194) | 6(194)

3300 | 2109|-1
degree: 48 | 4
eff size: 33.625 | 3.0
constraint: 0.04255365692506317 | 0.375
community: 1(496) | 1(496)

1673 | 3407|-1
degree: 101 | 12
eff size: 61.351485148514854 | 4.750000000000001
constraint: 0.030838190156431137 | 0.13951053053888227
community: 15(63) | 3(447)

4200 | 6570|0
degree: 120 | 3
eff size: 71.03750000000002 | 1.0
constraint: 0.030497548843583962 | 0.5645235875928891
community: 16(63) | 16(63)

4651 | 4776|-1
degree: 9 | 2
eff size: 9.0 | -1
constraint: 0.1111111111111111 | 0.5
community: 6(194) | 6(194)

702 | 2871|0
degree: 103 | 6
eff size: 80.46601941747574 | 4.75
constraint: 0.021485340882799325 | 0.22346581873299626
community: 1(496) | 1(496)

1 | 7226|-1
degree: 223 | 3
eff size: 201.53811659192837 | -1
constraint: 0.026862691101231753 | 0.3333333333333333
community: 2(472) | 3(447)

3940 | 685|-1
degree: 3 | 18
eff size: 2.3333333333333335 | 17.055555555555557
constraint: 0.48491083676268865 | 0.0901236389029308
community: 4(236) | 4(236)

3549 | 6478|0
degree: 24 | 19
eff size: 14.062500000000002 | 5.973684210526316
constraint: 0.08827877051619132 | 0.12740140406364658
community: 4(236) | 1(496)

3354 | 6922|-1
degree: 8 | 5
eff size: 5.625 | 5.0
constraint: 0.19814303045128615 | 0.20000000000000004
community: 5(223) | 5(223)

4200 | 6218|0
degree: 120 | 11
eff size: 71.03750000000002 | 5.7272727272727275
constraint: 0.030497548843583962 | 0.16443910184037702
community: 16(63) | 4(236)

701 | 4433|-1
degree: 720 | 5
eff size: 680.9215277777794 | 3.8999999999999995
constraint: 0.011790188428286752 | 0.23544770277397714
community: 2(472) | 7(174)

6664 | 6684|0
degree: 21 | 11
eff size: 18.857142857142858 | 9.818181818181818
constraint: 0.06134389175716197 | 0.11750229568411387
community: 1(496) | 1(496)

4200 | 4787|0
degree: 120 | 3
eff size: 71.03750000000002 | 1.0
constraint: 0.030497548843583962 | 0.5645235875928891
community: 16(63) | 16(63)

145 | 225|-1
degree: 42 | 3
eff size: 33.19047619047618 | -1
constraint: 0.045434747977449855 | 0.36336341716566506
community: 5(223) | 5(223)

3300 | 5466|-1
degree: 48 | 3
eff size: 33.625 | 3.0
constraint: 0.04255365692506317 | 0.3333333333333333
community: 1(496) | 1(496)

6062 | 8021|-1
degree: 7 | 3
eff size: 5.071428571428571 | -1
constraint: 0.20352920757294446 | 0.36971845576962326
community: 16(63) | 16(63)

3561 | 7877|-1
degree: 619 | 2
eff size: 573.4846526655897 | -1
constraint: 0.015477846617073824 | 0.5088119963052777
community: 3(447) | 2(472)

3847 | 8001|-1
degree: 98 | 5
eff size: 52.43367346938778 | 4.6
constraint: 0.04108429487238038 | 0.2085937572307835
community: 4(236) | 4(236)

1673 | 4136|-1
degree: 101 | 4
eff size: 61.351485148514854 | -1
constraint: 0.030838190156431137 | 0.2637817681584612
community: 15(63) | 15(63)

3304 | 8270|0
degree: 11 | 2
eff size: 6.0 | 1.0
constraint: 0.17355371900826447 | 1.0
community: 1(496) | 1(496)

1955 | 6668|-1
degree: 12 | 3
eff size: 10.833333333333332 | 2.5
constraint: 0.1080246913580247 | 0.4390432098765432
community: 11(89) | 11(89)

3838 | 8028|-1
degree: 5 | 3
eff size: 4.7 | -1
constraint: 0.23150040322158338 | 0.3995427065122257
community: 4(236) | 4(236)

2276 | 3354|0
degree: 5 | 8
eff size: 2.8000000000000003 | 5.625
constraint: 0.2860567247225774 | 0.19814303045128615
community: 5(223) | 5(223)

2500 | 4730|0
degree: 19 | 3
eff size: 13.078947368421053 | 1.5
constraint: 0.1471327499754272 | 0.6103019732567285
community: 9(113) | 9(113)

7018 | 7810|-1
degree: 38 | 2
eff size: 38.0 | -1
constraint: 0.02631578947368422 | 0.5
community: 14(81) | 14(81)

6467 | 6357|-1
degree: 27 | 2
eff size: 19.962962962962965 | -1
constraint: 0.06522726724403363 | 0.5
community: 4(236) | 4(236)

4459 | 10362|-1
degree: 5 | 1
eff size: 3.5 | -1
constraint: 0.3336603925728285 | 1.0
community: 12(85) | 12(85)

4740 | 4433|-1
degree: 3 | 5
eff size: 2.3333333333333335 | 3.8999999999999995
constraint: 0.3873301193755739 | 0.23544770277397714
community: 7(174) | 7(174)

4637 | 7540|-1
degree: 34 | 2
eff size: 32.3235294117647 | -1
constraint: 0.038728977993211455 | 0.6249221453287197
community: 7(174) | 7(174)

3561 | 6302|-1
degree: 619 | 4
eff size: 573.4846526655897 | 2.5
constraint: 0.015477846617073824 | 0.2555847127827316
community: 3(447) | 3(447)

786 | 4589|-1
degree: 16 | 8
eff size: 10.25 | 4.625
constraint: 0.11885600737788436 | 0.22811538336339268
community: 1(496) | 1(496)

2848 | 3058|-1
degree: 5 | 4
eff size: 5.0 | 4.0
constraint: 0.20000000000000004 | 0.25
community: 6(194) | 6(194)

6765 | 5426|-1
degree: 21 | 3
eff size: 17.571428571428573 | -1
constraint: 0.07140360890445092 | 0.3333333333333333
community: 1(496) | 1(496)

1955 | 3233|-1
degree: 12 | 2
eff size: 10.833333333333332 | -1
constraint: 0.1080246913580247 | 0.5
community: 11(89) | 11(89)

1136 | 1890|0
degree: 17 | 14
eff size: 13.382352941176471 | 7.928571428571429
constraint: 0.10087158675321738 | 0.17982101550002721
community: 1(496) | 1(496)

3305 | 6904|0
degree: 13 | 3
eff size: 7.0 | 2.0
constraint: 0.14792899408284027 | 0.5555555555555556
community: 1(496) | 1(496)

1741 | 3343|-1
degree: 9 | 17
eff size: 8.0 | 15.617647058823529
constraint: 0.13580246913580246 | 0.07473786285351502
community: 6(194) | 6(194)

4717 | 3363|-1
degree: 3 | 3
eff size: 3.0 | -1
constraint: 0.3333333333333333 | 0.3333333333333333
community: 9(113) | 9(113)

237 | 3967|0
degree: 30 | 29
eff size: 16.899999999999995 | 14.155172413793103
constraint: 0.06821543020100847 | 0.07702647581761844
community: 5(223) | 2(472)

6187 | 10803|-1
degree: 8 | 1
eff size: 6.25 | -1
constraint: 0.2369709948015123 | 1.0
community: 10(94) | 10(94)

5672 | 10533|-1
degree: 10 | 2
eff size: 8.0 | -1
constraint: 0.14000000000000004 | 0.5
community: 2(472) | 2(472)

81 | 10490|0
degree: 7 | 5
eff size: 5.428571428571428 | 4.0
constraint: 0.19123991905593407 | 0.28
community: 3(447) | 2(472)

8342 | 3316|-1
degree: 13 | 8
eff size: 12.26923076923077 | 7.125
constraint: 0.11642607049244097 | 0.1446598957481106
community: 6(194) | 6(194)

1887 | 8267|-1
degree: 8 | 2
eff size: 6.4375 | -1
constraint: 0.16673728593693393 | 0.5
community: 6(194) | 6(194)

174 | 3703|-1
degree: 89 | 4
eff size: 51.32022471910111 | -1
constraint: 0.04460002658540782 | 0.26425652336601446
community: 12(85) | 12(85)

5483 | 8275|-1
degree: 11 | 1
eff size: 11.0 | -1
constraint: 0.09090909090909091 | 1.0
community: 11(89) | 11(89)

1916 | 6543|-1
degree: 6 | 2
eff size: 6.0 | -1
constraint: 0.16666666666666669 | 0.5
community: 10(94) | 10(94)

6680 | 6679|-1
degree: 10 | 12
eff size: 7.500000000000001 | 6.791666666666667
constraint: 0.16027538619614515 | 0.16199351861693748
community: 1(496) | 1(496)

3462 | 7483|0
degree: 9 | 3
eff size: 5.833333333333333 | 2.0
constraint: 0.20868832518861452 | 0.5555555555555556
community: 7(174) | 7(174)

3847 | 4540|0
degree: 98 | 11
eff size: 52.43367346938778 | 2.0909090909090904
constraint: 0.04108429487238038 | 0.1607401156287253
community: 4(236) | 15(63)

3235 | 6828|-1
degree: 2 | 1
eff size: 2.0 | -1
constraint: 0.5 | 1.0
community: 6(194) | 6(194)

701 | 6973|-1
degree: 720 | 2
eff size: 680.9215277777794 | -1
constraint: 0.011790188428286752 | 0.5116990228158536
community: 2(472) | 4(236)

3256 | 8228|-1
degree: 9 | 5
eff size: 5.388888888888888 | 4.8
constraint: 0.2150363707954265 | 0.21026666726300428
community: 1(496) | 1(496)

1 | 1673|0
degree: 223 | 101
eff size: 201.53811659192837 | 61.351485148514854
constraint: 0.026862691101231753 | 0.030838190156431137
community: 2(472) | 15(63)

702 | 5540|0
degree: 103 | 3
eff size: 80.46601941747574 | 1.5
constraint: 0.021485340882799325 | 0.5605299415986517
community: 1(496) | 1(496)

1 | 4544|0
degree: 223 | 20
eff size: 201.53811659192837 | 4.4750000000000005
constraint: 0.026862691101231753 | 0.11992703126546281
community: 2(472) | 3(447)

1347 | 7973|-1
degree: 7 | 2
eff size: 5.2857142857142865 | -1
constraint: 0.3201058201058201 | 0.6050799949609473
community: 5(223) | 5(223)

6082 | 3803|-1
degree: 15 | 6
eff size: 9.066666666666666 | 4.916666666666667
constraint: 0.13729702441489888 | 0.20215659212808507
community: 3(447) | 3(447)

6684 | 8441|-1
degree: 11 | 3
eff size: 9.818181818181818 | -1
constraint: 0.11750229568411387 | 0.40334251606978877
community: 1(496) | 1(496)

4293 | 10810|-1
degree: 2 | 2
eff size: 2.0 | -1
constraint: 0.5 | 0.5
community: 4(236) | 4(236)

5683 | 6478|0
degree: 41 | 19
eff size: 32.5609756097561 | 5.973684210526316
constraint: 0.046817937168269964 | 0.12740140406364658
community: 21(40) | 1(496)

5400 | 6679|0
degree: 27 | 12
eff size: 22.35185185185185 | 6.791666666666667
constraint: 0.05403462113882028 | 0.16199351861693748
community: 1(496) | 1(496)

3257 | 6659|-1
degree: 46 | 4
eff size: 34.57608695652175 | 2.25
constraint: 0.041471803621029375 | 0.40587797329640785
community: 1(496) | 1(496)

1239 | 5761|-1
degree: 431 | 4
eff size: 396.2366589327148 | -1
constraint: 0.022099515942575337 | 0.2526718600272331
community: 3(447) | 16(63)

513 | 1836|0
degree: 9 | 4
eff size: 5.666666666666666 | 3.0
constraint: 0.18586463216052676 | 0.375
community: 1(496) | 1(496)

1280 | 1746|-1
degree: 26 | 18
eff size: 14.82692307692308 | 6.944444444444445
constraint: 0.07905217097058558 | 0.11049801103574072
community: 4(236) | 5(223)

3257 | 6705|-1
degree: 46 | 4
eff size: 34.57608695652175 | -1
constraint: 0.041471803621029375 | 0.25
community: 1(496) | 1(496)

237 | 600|0
degree: 30 | 11
eff size: 16.899999999999995 | 6.7727272727272725
constraint: 0.06821543020100847 | 0.16183724131452953
community: 5(223) | 5(223)

5380 | 6886|-1
degree: 3 | 1
eff size: 3.0 | -1
constraint: 0.3333333333333333 | 1.0
community: 6(194) | 6(194)

2497 | 4710|0
degree: 166 | 3
eff size: 93.71987951807229 | 1.1666666666666667
constraint: 0.027578017746136448 | 0.6515823938323575
community: 9(113) | 9(113)

5441 | 5444|0
degree: 11 | 4
eff size: 5.7272727272727275 | 2.625
constraint: 0.20061728395061731 | 0.4283427711458015
community: 23(23) | 23(23)

4200 | 4258|0
degree: 120 | 4
eff size: 71.03750000000002 | 1.875
constraint: 0.030497548843583962 | 0.40395179827843297
community: 16(63) | 3(447)

3304 | 8201|0
degree: 11 | 3
eff size: 6.0 | 2.0
constraint: 0.17355371900826447 | 0.5555555555555556
community: 1(496) | 1(496)

4002 | 8320|-1
degree: 4 | 1
eff size: 4.0 | -1
constraint: 0.25 | 1.0
community: 1(496) | 1(496)

6327 | 6463|-1
degree: 10 | 7
eff size: 9.4 | 7.0
constraint: 0.13424950181373524 | 0.14285714285714285
community: 13(83) | 13(83)

3449 | 5745|-1
degree: 2 | 2
eff size: 2.0 | -1
constraint: 0.5 | 0.5
community: 14(81) | 14(81)

1273 | 6553|0
degree: 27 | 14
eff size: 18.88888888888889 | 10.178571428571429
constraint: 0.07450263264458178 | 0.10862043880885551
community: 1(496) | 20(40)

3306 | 5627|0
degree: 7 | 2
eff size: 4.0 | 1.0
constraint: 0.26530612244897955 | 1.0
community: 1(496) | 1(496)

3305 | 5594|0
degree: 13 | 6
eff size: 7.0 | 3.75
constraint: 0.14792899408284027 | 0.2858333869170096
community: 1(496) | 1(496)

3255 | 3261|-1
degree: 6 | 3
eff size: 4.0 | -1
constraint: 0.2777777777777778 | 0.3995198902606309
community: 6(194) | 6(194)

3304 | 5463|0
degree: 11 | 3
eff size: 6.0 | 2.0
constraint: 0.17355371900826447 | 0.5555555555555556
community: 1(496) | 1(496)

1 | 2041|0
degree: 223 | 64
eff size: 201.53811659192837 | 48.4921875
constraint: 0.026862691101231753 | 0.0401914304638628
community: 2(472) | 17(60)

4200 | 4208|0
degree: 120 | 5
eff size: 71.03750000000002 | 0.9999999999999998
constraint: 0.030497548843583962 | 0.2916085221815268
community: 16(63) | 16(63)

1887 | 5413|0
degree: 8 | 112
eff size: 6.4375 | 57.245535714285694
constraint: 0.16673728593693393 | 0.032816444658751456
community: 6(194) | 4(236)

3344 | 8315|-1
degree: 10 | 1
eff size: 6.800000000000001 | -1
constraint: 0.16219096572822542 | 1.0
community: 1(496) | 1(496)

1239 | 6172|-1
degree: 431 | 22
eff size: 396.2366589327148 | 10.5
constraint: 0.022099515942575337 | 0.08650618357702743
community: 3(447) | 4(236)

701 | 3336|-1
degree: 720 | 6
eff size: 680.9215277777794 | 3.7500000000000004
constraint: 0.011790188428286752 | 0.23662430130166798
community: 2(472) | 1(496)

174 | 7960|0
degree: 89 | 6
eff size: 51.32022471910111 | 3.8333333333333335
constraint: 0.04460002658540782 | 0.25838183192878544
community: 12(85) | 12(85)

174 | 6402|0
degree: 89 | 11
eff size: 51.32022471910111 | 6.863636363636364
constraint: 0.04460002658540782 | 0.14728040055508376
community: 12(85) | 5(223)

174 | 3491|0
degree: 89 | 56
eff size: 51.32022471910111 | 41.0625
constraint: 0.04460002658540782 | 0.039435339343041324
community: 12(85) | 4(236)

3909 | 209|-1
degree: 6 | 4
eff size: 4.25 | 3.25
constraint: 0.25158618034789426 | 0.3671556122448979
community: 5(223) | 5(223)

701 | 7954|-1
degree: 720 | 1
eff size: 680.9215277777794 | -1
constraint: 0.011790188428286752 | 1.0
community: 2(472) | 2(472)

3561 | 7052|-1
degree: 619 | 1
eff size: 573.4846526655897 | -1
constraint: 0.015477846617073824 | 1.0
community: 3(447) | 3(447)

701 | 8392|-1
degree: 720 | 3
eff size: 680.9215277777794 | -1
constraint: 0.011790188428286752 | 0.4725310785322359
community: 2(472) | 2(472)

2551 | 6993|-1
degree: 34 | 9
eff size: 17.63235294117647 | 7.333333333333334
constraint: 0.0719228378295989 | 0.14289487720890984
community: 12(85) | 16(63)

1347 | 10377|-1
degree: 7 | 3
eff size: 5.2857142857142865 | -1
constraint: 0.3201058201058201 | 0.38003555331597655
community: 5(223) | 5(223)

701 | 7342|-1
degree: 720 | 1
eff size: 680.9215277777794 | -1
constraint: 0.011790188428286752 | 1.0
community: 2(472) | 2(472)

7303 | 4387|-1
degree: 13 | 2
eff size: 11.461538461538462 | -1
constraint: 0.11014768484882784 | 0.6805658284023668
community: 14(81) | 14(81)

6115 | 5716|-1
degree: 4 | 1
eff size: 3.125 | -1
constraint: 0.30430603780864196 | 1.0
community: 3(447) | 3(447)

2548 | 1887|-1
degree: 140 | 8
eff size: 123.01428571428565 | 6.4375
constraint: 0.028100327886128672 | 0.16673728593693393
community: 2(472) | 6(194)

3549 | 3847|0
degree: 24 | 98
eff size: 14.062500000000002 | 52.43367346938778
constraint: 0.08827877051619132 | 0.04108429487238038
community: 4(236) | 4(236)

1239 | 6081|-1
degree: 431 | 5
eff size: 396.2366589327148 | 3.1
constraint: 0.022099515942575337 | 0.29110040672677584
community: 3(447) | 3(447)

1667 | 6805|-1
degree: 3 | 8
eff size: 3.0 | 5.625
constraint: 0.3333333333333333 | 0.19375767734530763
community: 15(63) | 15(63)

5400 | 1930|-1
degree: 27 | 6
eff size: 22.35185185185185 | 4.583333333333333
constraint: 0.05403462113882028 | 0.23713133017445787
community: 1(496) | 1(496)

1239 | 6095|0
degree: 431 | 5
eff size: 396.2366589327148 | 2.4
constraint: 0.022099515942575337 | 0.2829405520322459
community: 3(447) | 3(447)

683 | 3491|0
degree: 6 | 56
eff size: 2.666666666666667 | 41.0625
constraint: 0.2909970402523629 | 0.039435339343041324
community: 5(223) | 4(236)

1 | 1800|0
degree: 223 | 32
eff size: 201.53811659192837 | 18.203125
constraint: 0.026862691101231753 | 0.06010532279666729
community: 2(472) | 1(496)

3304 | 8295|0
degree: 11 | 2
eff size: 6.0 | 1.0
constraint: 0.17355371900826447 | 1.0
community: 1(496) | 1(496)

3561 | 4433|-1
degree: 619 | 5
eff size: 573.4846526655897 | 3.8999999999999995
constraint: 0.015477846617073824 | 0.23544770277397714
community: 3(447) | 7(174)

4200 | 7770|0
degree: 120 | 6
eff size: 71.03750000000002 | 3.666666666666667
constraint: 0.030497548843583962 | 0.2654079931313827
community: 16(63) | 3(447)

577 | 6509|-1
degree: 21 | 9
eff size: 19.309523809523814 | 5.333333333333333
constraint: 0.06579008413757043 | 0.20733676006410795
community: 13(83) | 13(83)

1890 | 5417|0
degree: 14 | 11
eff size: 7.928571428571429 | 7.090909090909091
constraint: 0.17982101550002721 | 0.23695348773770356
community: 1(496) | 1(496)

3491 | 6621|-1
degree: 56 | 2
eff size: 41.0625 | -1
constraint: 0.039435339343041324 | 0.5
community: 4(236) | 4(236)

3847 | 6425|0
degree: 98 | 2
eff size: 52.43367346938778 | 1.0
constraint: 0.04108429487238038 | 1.0
community: 4(236) | 4(236)

4200 | 6601|0
degree: 120 | 3
eff size: 71.03750000000002 | 1.0
constraint: 0.030497548843583962 | 0.5643218449931412
community: 16(63) | 16(63)

5422 | 5428|-1
degree: 2 | 1
eff size: 2.0 | -1
constraint: 0.5 | 1.0
community: 12(85) | 12(85)

1755 | 6292|-1
degree: 91 | 2
eff size: 82.63186813186812 | -1
constraint: 0.01874014991541164 | 0.5
community: 1(496) | 1(496)

3257 | 4269|-1
degree: 46 | 3
eff size: 34.57608695652175 | -1
constraint: 0.041471803621029375 | 0.3333333333333333
community: 1(496) | 1(496)

5673 | 8137|-1
degree: 9 | 4
eff size: 8.0 | -1
constraint: 0.13580246913580246 | 0.25376453348852823
community: 2(472) | 2(472)

3305 | 6675|0
degree: 13 | 3
eff size: 7.0 | 2.0
constraint: 0.14792899408284027 | 0.5555555555555556
community: 1(496) | 1(496)

5746 | 6322|-1
degree: 2 | 4
eff size: 2.0 | 4.0
constraint: 0.5 | 0.25
community: 24(21) | 24(21)

174 | 4984|-1
degree: 89 | 3
eff size: 51.32022471910111 | -1
constraint: 0.04460002658540782 | 0.339102364665094
community: 12(85) | 17(60)

5377 | 5378|0
degree: 15 | 46
eff size: 13.8 | 25.543478260869556
constraint: 0.07670898409523336 | 0.05298747879727844
community: 11(89) | 1(496)

1686 | 6805|0
degree: 3 | 8
eff size: 2.0 | 5.625
constraint: 0.5555555555555556 | 0.19375767734530763
community: 15(63) | 15(63)

1257 | 5378|0
degree: 13 | 46
eff size: 7.961538461538462 | 25.543478260869556
constraint: 0.14040395437617043 | 0.05298747879727844
community: 1(496) | 1(496)

5623 | 6905|-1
degree: 5 | 4
eff size: 5.0 | 3.0
constraint: 0.20000000000000004 | 0.375
community: 1(496) | 1(496)

5672 | 6942|-1
degree: 10 | 2
eff size: 8.0 | -1
constraint: 0.14000000000000004 | 0.5
community: 2(472) | 2(472)

286 | 3257|0
degree: 115 | 46
eff size: 60.852173913043465 | 34.57608695652175
constraint: 0.03453187061397627 | 0.041471803621029375
community: 4(236) | 1(496)

1273 | 6779|0
degree: 27 | 4
eff size: 18.88888888888889 | 3.0
constraint: 0.07450263264458178 | 0.375
community: 1(496) | 1(496)

1327 | 4252|-1
degree: 10 | 1
eff size: 10.0 | -1
constraint: 0.10000000000000003 | 1.0
community: 15(63) | 15(63)

4002 | 8347|-1
degree: 4 | 2
eff size: 4.0 | -1
constraint: 0.25 | 0.5
community: 1(496) | 1(496)

3305 | 8304|0
degree: 13 | 2
eff size: 7.0 | 1.0
constraint: 0.14792899408284027 | 1.0
community: 1(496) | 1(496)

174 | 4544|0
degree: 89 | 20
eff size: 51.32022471910111 | 4.4750000000000005
constraint: 0.04460002658540782 | 0.11992703126546281
community: 12(85) | 3(447)

4200 | 4261|0
degree: 120 | 4
eff size: 71.03750000000002 | 2.25
constraint: 0.030497548843583962 | 0.37993103780864196
community: 16(63) | 16(63)

5672 | 10501|-1
degree: 10 | 1
eff size: 8.0 | -1
constraint: 0.14000000000000004 | 1.0
community: 2(472) | 2(472)

6684 | 5510|-1
degree: 11 | 5
eff size: 9.818181818181818 | 4.7
constraint: 0.11750229568411387 | 0.23871441689623513
community: 1(496) | 1(496)

3632 | 2549|-1
degree: 8 | 3
eff size: 6.4375 | 2.5
constraint: 0.19953125 | 0.37815586419753083
community: 19(42) | 19(42)

702 | 3259|0
degree: 103 | 4
eff size: 80.46601941747574 | 3.0
constraint: 0.021485340882799325 | 0.375
community: 1(496) | 4(236)

4231 | 4969|-1
degree: 4 | 22
eff size: 2.5 | 12.704545454545453
constraint: 0.27570443235502046 | 0.10192715847132618
community: 12(85) | 12(85)

3306 | 5427|0
degree: 7 | 4
eff size: 4.0 | 3.0
constraint: 0.26530612244897955 | 0.375
community: 1(496) | 1(496)

5727 | 4134|-1
degree: 15 | 7
eff size: 13.733333333333334 | 6.357142857142857
constraint: 0.07836467556301761 | 0.14707701052398242
community: 7(174) | 7(174)

1239 | 3356|-1
degree: 431 | 25
eff size: 396.2366589327148 | 7.92
constraint: 0.022099515942575337 | 0.08807689045159998
community: 3(447) | 4(236)

209 | 4015|-1
degree: 4 | 2
eff size: 3.25 | -1
constraint: 0.3671556122448979 | 0.5
community: 5(223) | 5(223)

3302 | 8224|-1
degree: 16 | 2
eff size: 14.84375 | -1
constraint: 0.10808674060450453 | 0.5371044963297672
community: 1(496) | 1(496)

3491 | 5378|0
degree: 56 | 46
eff size: 41.0625 | 25.543478260869556
constraint: 0.039435339343041324 | 0.05298747879727844
community: 4(236) | 1(496)

1347 | 4045|-1
degree: 7 | 3
eff size: 5.2857142857142865 | -1
constraint: 0.3201058201058201 | 0.3800355533159766
community: 5(223) | 5(223)

6606 | 10721|-1
degree: 3 | 2
eff size: 2.3333333333333335 | -1
constraint: 0.3363688812442674 | 0.5
community: 2(472) | 2(472)

6332 | 6065|-1
degree: 14 | 4
eff size: 14.0 | 3.5
constraint: 0.07142857142857142 | 0.2509859219075985
community: 19(42) | 19(42)

702 | 5378|0
degree: 103 | 46
eff size: 80.46601941747574 | 25.543478260869556
constraint: 0.021485340882799325 | 0.05298747879727844
community: 1(496) | 1(496)

1225 | 683|-1
degree: 34 | 6
eff size: 26.500000000000004 | 2.666666666666667
constraint: 0.05379280113719589 | 0.2909970402523629
community: 5(223) | 5(223)

3300 | 6905|-1
degree: 48 | 4
eff size: 33.625 | 3.0
constraint: 0.04255365692506317 | 0.375
community: 1(496) | 1(496)

2529 | 5459|0
degree: 13 | 83
eff size: 8.307692307692308 | 41.40963855421688
constraint: 0.12998222962187553 | 0.043101578911044956
community: 1(496) | 1(496)

2548 | 7294|-1
degree: 140 | 2
eff size: 123.01428571428565 | -1
constraint: 0.028100327886128672 | 0.5095194464271569
community: 2(472) | 2(472)

4200 | 6392|0
degree: 120 | 3
eff size: 71.03750000000002 | 2.0
constraint: 0.030497548843583962 | 0.5555555555555556
community: 16(63) | 5(223)

3786 | 4666|-1
degree: 12 | 2
eff size: 11.874999999999998 | -1
constraint: 0.09203634463638583 | 0.5442111846876668
community: 22(30) | 22(30)

4528 | 7582|-1
degree: 2 | 2
eff size: 2.0 | -1
constraint: 0.5 | 0.5
community: 7(174) | 7(174)

4651 | 4652|-1
degree: 9 | 2
eff size: 9.0 | 2.0
constraint: 0.1111111111111111 | 0.5
community: 6(194) | 6(194)

4861 | 4663|-1
degree: 2 | 1
eff size: 2.0 | -1
constraint: 0.5 | 1.0
community: 1(496) | 1(496)

3561 | 7098|-1
degree: 619 | 2
eff size: 573.4846526655897 | -1
constraint: 0.015477846617073824 | 0.5149491436850053
community: 3(447) | 4(236)

4060 | 4040|-1
degree: 5 | 3
eff size: 4.6 | 2.3333333333333335
constraint: 0.23702947845804992 | 0.3986621315192743
community: 22(30) | 22(30)

5441 | 5449|0
degree: 11 | 2
eff size: 5.7272727272727275 | 1.0
constraint: 0.20061728395061731 | 1.0
community: 23(23) | 23(23)

2914 | 7058|0
degree: 206 | 5
eff size: 111.72815533980582 | 2.5
constraint: 0.025917335359892893 | 0.3288064071092631
community: 4(236) | 5(223)

174 | 2056|-1
degree: 89 | 5
eff size: 51.32022471910111 | -1
constraint: 0.04460002658540782 | 0.2864657782584809
community: 12(85) | 15(63)

5683 | 3727|-1
degree: 41 | 2
eff size: 32.5609756097561 | -1
constraint: 0.046817937168269964 | 0.5298630617298268
community: 21(40) | 21(40)

5559 | 8202|-1
degree: 5 | 1
eff size: 4.6 | -1
constraint: 0.20512235482909352 | 1.0
community: 1(496) | 1(496)

5672 | 5673|0
degree: 10 | 9
eff size: 8.0 | 8.0
constraint: 0.14000000000000004 | 0.13580246913580246
community: 2(472) | 2(472)

5551 | 5559|-1
degree: 12 | 5
eff size: 8.166666666666668 | 4.6
constraint: 0.1346275340318985 | 0.20512235482909352
community: 1(496) | 1(496)

1323 | 5646|-1
degree: 7 | 57
eff size: 6.785714285714286 | 48.508771929824555
constraint: 0.1498268970467189 | 0.03198633257994543
community: 14(81) | 5(223)

2041 | 10257|-1
degree: 64 | 1
eff size: 48.4921875 | -1
constraint: 0.0401914304638628 | 1.0
community: 17(60) | 17(60)

5594 | 6760|-1
degree: 6 | 2
eff size: 3.75 | -1
constraint: 0.2858333869170096 | 0.5
community: 1(496) | 1(496)

10303 | 10496|-1
degree: 16 | 2
eff size: 10.25 | -1
constraint: 0.10989564990544534 | 0.5
community: 4(236) | 4(236)

237 | 3549|0
degree: 30 | 24
eff size: 16.899999999999995 | 14.062500000000002
constraint: 0.06821543020100847 | 0.08827877051619132
community: 5(223) | 4(236)

6742 | 5623|-1
degree: 12 | 5
eff size: 5.333333333333334 | 5.0
constraint: 0.19247608311931955 | 0.20000000000000004
community: 1(496) | 1(496)

4003 | 7470|-1
degree: 32 | 4
eff size: 30.71875 | 4.0
constraint: 0.03782866331901568 | 0.25
community: 7(174) | 7(174)

701 | 3329|-1
degree: 720 | 2
eff size: 680.9215277777794 | -1
constraint: 0.011790188428286752 | 0.5
community: 2(472) | 10(94)

4652 | 4618|-1
degree: 2 | 2
eff size: 2.0 | -1
constraint: 0.5 | 0.5
community: 6(194) | 6(194)

701 | 2706|-1
degree: 720 | 3
eff size: 680.9215277777794 | 3.0
constraint: 0.011790188428286752 | 0.3333333333333333
community: 2(472) | 9(113)

4200 | 6467|0
degree: 120 | 27
eff size: 71.03750000000002 | 19.962962962962965
constraint: 0.030497548843583962 | 0.06522726724403363
community: 16(63) | 4(236)

5696 | 7194|-1
degree: 76 | 6
eff size: 60.25 | 2.8333333333333335
constraint: 0.02529721781963615 | 0.23139181405168086
community: 4(236) | 5(223)

4436 | 2497|-1
degree: 20 | 166
eff size: 7.6000000000000005 | 93.71987951807229
constraint: 0.10943194219067828 | 0.027578017746136448
community: 4(236) | 9(113)

3847 | 4527|0
degree: 98 | 9
eff size: 52.43367346938778 | 2.9444444444444446
constraint: 0.04108429487238038 | 0.22465234711927765
community: 4(236) | 5(223)

3257 | 5401|-1
degree: 46 | 2
eff size: 34.57608695652175 | -1
constraint: 0.041471803621029375 | 0.5
community: 1(496) | 1(496)

5415 | 6849|-1
degree: 9 | 9
eff size: 8.777777777777779 | 8.38888888888889
constraint: 0.13032249937011842 | 0.16695575281433866
community: 6(194) | 6(194)

5415 | 6703|-1
degree: 9 | 2
eff size: 8.777777777777779 | -1
constraint: 0.13032249937011842 | 0.5
community: 6(194) | 6(194)

4200 | 10478|0
degree: 120 | 3
eff size: 71.03750000000002 | 1.0
constraint: 0.030497548843583962 | 0.5645235875928891
community: 16(63) | 16(63)

6115 | 1784|-1
degree: 4 | 5
eff size: 3.125 | 4.5
constraint: 0.30430603780864196 | 0.23375445611415865
community: 3(447) | 3(447)

6683 | 6681|-1
degree: 7 | 2
eff size: 4.785714285714286 | 2.0
constraint: 0.23459325396825395 | 0.5
community: 1(496) | 1(496)

4200 | 7078|0
degree: 120 | 5
eff size: 71.03750000000002 | 2.4
constraint: 0.030497548843583962 | 0.28722573083587233
community: 16(63) | 16(63)

1347 | 8015|-1
degree: 7 | 6
eff size: 5.2857142857142865 | 5.083333333333333
constraint: 0.3201058201058201 | 0.18208334345720656
community: 5(223) | 5(223)

3447 | 2379|-1
degree: 6 | 3
eff size: 5.083333333333333 | 2.5
constraint: 0.24522583534486614 | 0.3739729850668996
community: 3(447) | 3(447)

145 | 1312|-1
degree: 42 | 2
eff size: 33.19047619047618 | -1
constraint: 0.045434747977449855 | 0.5
community: 5(223) | 5(223)

1852 | 5653|-1
degree: 11 | 2
eff size: 9.318181818181818 | -1
constraint: 0.14207238108608153 | 0.6881456611570247
community: 5(223) | 5(223)

2915 | 4724|-1
degree: 16 | 2
eff size: 14.15625 | -1
constraint: 0.11955322547041734 | 0.5724666361228045
community: 9(113) | 9(113)

3257 | 5413|0
degree: 46 | 112
eff size: 34.57608695652175 | 57.245535714285694
constraint: 0.041471803621029375 | 0.032816444658751456
community: 1(496) | 4(236)

6765 | 5611|-1
degree: 21 | 5
eff size: 17.571428571428573 | 2.6999999999999997
constraint: 0.07140360890445092 | 0.31463346809927706
community: 1(496) | 4(236)

5607 | 4589|-1
degree: 9 | 8
eff size: 5.888888888888888 | 4.625
constraint: 0.1867677494077874 | 0.22811538336339268
community: 1(496) | 1(496)

4200 | 6580|0
degree: 120 | 3
eff size: 71.03750000000002 | 1.0
constraint: 0.030497548843583962 | 0.5645235875928891
community: 16(63) | 16(63)

702 | 8301|-1
degree: 103 | 2
eff size: 80.46601941747574 | -1
constraint: 0.021485340882799325 | 0.5
community: 1(496) | 1(496)

2764 | 7586|-1
degree: 14 | 11
eff size: 13.285714285714286 | 10.818181818181818
constraint: 0.12053044358239164 | 0.10246247259234272
community: 7(174) | 7(174)

3305 | 6804|0
degree: 13 | 2
eff size: 7.0 | 1.0
constraint: 0.14792899408284027 | 1.0
community: 1(496) | 1(496)

1267 | 5396|-1
degree: 7 | 3
eff size: 6.0 | -1
constraint: 0.20483924528392117 | 0.3816698554421768
community: 1(496) | 1(496)

8284 | 6661|-1
degree: 2 | 4
eff size: 2.0 | 4.0
constraint: 0.5 | 0.25
community: 1(496) | 1(496)

2914 | 6583|0
degree: 206 | 5
eff size: 111.72815533980582 | 1.5999999999999999
constraint: 0.025917335359892893 | 0.3722444151198321
community: 4(236) | 4(236)

2041 | 6604|-1
degree: 64 | 3
eff size: 48.4921875 | -1
constraint: 0.0401914304638628 | 0.3333333333333333
community: 17(60) | 2(472)

2548 | 7291|-1
degree: 140 | 1
eff size: 123.01428571428565 | -1
constraint: 0.028100327886128672 | 1.0
community: 2(472) | 2(472)

1280 | 3951|0
degree: 26 | 39
eff size: 14.82692307692308 | 22.44871794871795
constraint: 0.07905217097058558 | 0.05271789999921194
community: 4(236) | 12(85)

3256 | 5436|-1
degree: 9 | 3
eff size: 5.388888888888888 | -1
constraint: 0.2150363707954265 | 0.41153635116598075
community: 1(496) | 1(496)

1221 | 7607|-1
degree: 44 | 2
eff size: 43.42045454545454 | -1
constraint: 0.03302006746615048 | 0.5
community: 7(174) | 7(174)

237 | 266|-1
degree: 30 | 6
eff size: 16.899999999999995 | 4.75
constraint: 0.06821543020100847 | 0.23972993827160494
community: 5(223) | 5(223)

2041 | 7314|-1
degree: 64 | 4
eff size: 48.4921875 | 2.5
constraint: 0.0401914304638628 | 0.25946363237902714
community: 17(60) | 17(60)

1273 | 6742|0
degree: 27 | 12
eff size: 18.88888888888889 | 5.333333333333334
constraint: 0.07450263264458178 | 0.19247608311931955
community: 1(496) | 1(496)

3561 | 10460|-1
degree: 619 | 1
eff size: 573.4846526655897 | -1
constraint: 0.015477846617073824 | 1.0
community: 3(447) | 3(447)

10543 | 7784|-1
degree: 2 | 4
eff size: 2.0 | 2.625
constraint: 0.5 | 0.4864584538966049
community: 2(472) | 2(472)

2118 | 2878|-1
degree: 22 | 1
eff size: 20.522727272727273 | -1
constraint: 0.06294486679302448 | 1.0
community: 6(194) | 6(194)

1136 | 5496|-1
degree: 17 | 14
eff size: 13.382352941176471 | 7.392857142857143
constraint: 0.10087158675321738 | 0.14054454360208604
community: 1(496) | 1(496)

174 | 6469|-1
degree: 89 | 4
eff size: 51.32022471910111 | -1
constraint: 0.04460002658540782 | 0.26425652336601446
community: 12(85) | 12(85)

8359 | 6809|-1
degree: 3 | 3
eff size: 3.0 | 3.0
constraint: 0.3333333333333333 | 0.3333333333333333
community: 11(89) | 11(89)

701 | 6916|-1
degree: 720 | 1
eff size: 680.9215277777794 | -1
constraint: 0.011790188428286752 | 1.0
community: 2(472) | 2(472)

8342 | 5568|-1
degree: 13 | 17
eff size: 12.26923076923077 | 16.705882352941178
constraint: 0.11642607049244097 | 0.06684179107348474
community: 6(194) | 6(194)

3254 | 3255|0
degree: 11 | 6
eff size: 9.818181818181818 | 4.0
constraint: 0.11970717273747576 | 0.2777777777777778
community: 6(194) | 6(194)

2118 | 8350|-1
degree: 22 | 2
eff size: 20.522727272727273 | -1
constraint: 0.06294486679302448 | 0.5631846300552594
community: 6(194) | 6(194)

4200 | 7019|0
degree: 120 | 5
eff size: 71.03750000000002 | 1.9999999999999998
constraint: 0.030497548843583962 | 0.29153328096673997
community: 16(63) | 4(236)

6679 | 6770|0
degree: 12 | 7
eff size: 6.791666666666667 | 4.0
constraint: 0.16199351861693748 | 0.26530612244897955
community: 1(496) | 11(89)

1 | 6650|-1
degree: 223 | 2
eff size: 201.53811659192837 | -1
constraint: 0.026862691101231753 | 0.5058952318246998
community: 2(472) | 2(472)

3384 | 32766|-1
degree: 16 | 1
eff size: 15.34375 | -1
constraint: 0.07827736365871353 | 1.0
community: 17(60) | 17(60)

4200 | 7782|0
degree: 120 | 5
eff size: 71.03750000000002 | 3.4
constraint: 0.030497548843583962 | 0.28322849153344015
community: 16(63) | 16(63)

2914 | 6248|0
degree: 206 | 6
eff size: 111.72815533980582 | 1.75
constraint: 0.025917335359892893 | 0.29124711225499694
community: 4(236) | 4(236)

2548 | 10784|-1
degree: 140 | 1
eff size: 123.01428571428565 | -1
constraint: 0.028100327886128672 | 1.0
community: 2(472) | 2(472)

6730 | 8243|-1
degree: 10 | 2
eff size: 8.3 | -1
constraint: 0.18220443067033976 | 0.5
community: 1(496) | 1(496)

1 | 6261|0
degree: 223 | 14
eff size: 201.53811659192837 | 5.357142857142858
constraint: 0.026862691101231753 | 0.1407241384259123
community: 2(472) | 4(236)

3561 | 4666|-1
degree: 619 | 2
eff size: 573.4846526655897 | -1
constraint: 0.015477846617073824 | 0.5442111846876668
community: 3(447) | 22(30)

5413 | 5496|0
degree: 112 | 14
eff size: 57.245535714285694 | 7.392857142857143
constraint: 0.032816444658751456 | 0.14054454360208604
community: 4(236) | 1(496)

2548 | 7146|-1
degree: 140 | 1
eff size: 123.01428571428565 | -1
constraint: 0.028100327886128672 | 1.0
community: 2(472) | 2(472)

5571 | 6871|-1
degree: 6 | 2
eff size: 3.666666666666667 | -1
constraint: 0.283863793689515 | 0.5
community: 1(496) | 1(496)

419 | 450|0
degree: 2 | 7
eff size: 1.0 | 3.785714285714286
constraint: 1.0 | 0.3022747314211799
community: 8(117) | 8(117)

132 | 1914|-1
degree: 3 | 2
eff size: 2.666666666666667 | -1
constraint: 0.3520063013065094 | 0.5
community: 20(40) | 20(40)

1 | 6142|-1
degree: 223 | 1
eff size: 201.53811659192837 | -1
constraint: 0.026862691101231753 | 1.0
community: 2(472) | 2(472)

6113 | 7459|-1
degree: 54 | 2
eff size: 39.611111111111114 | -1
constraint: 0.03550344762328107 | 0.5
community: 18(54) | 18(54)

237 | 2685|0
degree: 30 | 51
eff size: 16.899999999999995 | 40.23529411764706
constraint: 0.06821543020100847 | 0.02835160304042314
community: 5(223) | 18(54)

2766 | 6795|0
degree: 4 | 5
eff size: 2.5 | 4.0
constraint: 0.40411786016181617 | 0.28
community: 6(194) | 6(194)

4200 | 5767|0
degree: 120 | 3
eff size: 71.03750000000002 | 2.0
constraint: 0.030497548843583962 | 0.5555555555555556
community: 16(63) | 14(81)

5441 | 5451|0
degree: 11 | 2
eff size: 5.7272727272727275 | 1.0
constraint: 0.20061728395061731 | 1.0
community: 23(23) | 23(23)

237 | 5696|0
degree: 30 | 76
eff size: 16.899999999999995 | 60.25
constraint: 0.06821543020100847 | 0.02529721781963615
community: 5(223) | 4(236)

760 | 2494|-1
degree: 2 | 1
eff size: 2.0 | -1
constraint: 0.5 | 1.0
community: 11(89) | 11(89)

4200 | 6062|0
degree: 120 | 7
eff size: 71.03750000000002 | 5.071428571428571
constraint: 0.030497548843583962 | 0.20352920757294446
community: 16(63) | 16(63)

701 | 6400|-1
degree: 720 | 3
eff size: 680.9215277777794 | -1
constraint: 0.011790188428286752 | 0.3420297059152879
community: 2(472) | 10(94)

278 | 3548|0
degree: 8 | 2
eff size: 6.6875 | 1.0
constraint: 0.16116038682691824 | 1.0
community: 19(42) | 19(42)

1887 | 8374|-1
degree: 8 | 2
eff size: 6.4375 | -1
constraint: 0.16673728593693393 | 0.5
community: 6(194) | 6(194)

701 | 6310|-1
degree: 720 | 1
eff size: 680.9215277777794 | -1
constraint: 0.011790188428286752 | 1.0
community: 2(472) | 2(472)

3257 | 517|-1
degree: 46 | 8
eff size: 34.57608695652175 | 5.5
constraint: 0.041471803621029375 | 0.19070886285913344
community: 1(496) | 21(40)

3110 | 4200|0
degree: 3 | 120
eff size: 2.0 | 71.03750000000002
constraint: 0.5555555555555556 | 0.030497548843583962
community: 17(60) | 16(63)

6679 | 6682|0
degree: 12 | 7
eff size: 6.791666666666667 | 3.7857142857142856
constraint: 0.16199351861693748 | 0.2810430839002267
community: 1(496) | 1(496)

4200 | 4436|0
degree: 120 | 20
eff size: 71.03750000000002 | 7.6000000000000005
constraint: 0.030497548843583962 | 0.10943194219067828
community: 16(63) | 4(236)

10417 | 10531|-1
degree: 2 | 3
eff size: 2.0 | -1
constraint: 0.5 | 0.3333333333333333
community: 10(94) | 10(94)

81 | 3407|-1
degree: 7 | 12
eff size: 5.428571428571428 | 4.750000000000001
constraint: 0.19123991905593407 | 0.13951053053888227
community: 3(447) | 3(447)

2856 | 1849|-1
degree: 23 | 66
eff size: 21.347826086956527 | 37.34848484848484
constraint: 0.06116750134821087 | 0.053970204485779986
community: 1(496) | 1(496)

6079 | 10303|-1
degree: 8 | 16
eff size: 3.625 | 10.25
constraint: 0.21968369179286393 | 0.10989564990544534
community: 4(236) | 4(236)

1880 | 1882|-1
degree: 4 | 1
eff size: 3.375 | -1
constraint: 0.3368077576988173 | 1.0
community: 1(496) | 1(496)

3561 | 7385|-1
degree: 619 | 2
eff size: 573.4846526655897 | -1
constraint: 0.015477846617073824 | 0.5293577896259385
community: 3(447) | 24(21)

7784 | 7785|0
degree: 4 | 3
eff size: 2.625 | 1.5
constraint: 0.4864584538966049 | 0.6950619427297668
community: 2(472) | 2(472)

3847 | 6123|0
degree: 98 | 8
eff size: 52.43367346938778 | 2.625
constraint: 0.04108429487238038 | 0.2551772500258236
community: 4(236) | 4(236)

6846 | 8343|-1
degree: 7 | 2
eff size: 6.714285714285715 | -1
constraint: 0.17315444696397073 | 0.6351725875535399
community: 6(194) | 6(194)

5696 | 4550|-1
degree: 76 | 6
eff size: 60.25 | 4.0
constraint: 0.02529721781963615 | 0.228516221530062
community: 4(236) | 2(472)

3324 | 6901|-1
degree: 4 | 2
eff size: 3.5 | -1
constraint: 0.3400051652892562 | 0.6881456611570247
community: 1(496) | 1(496)

8210 | 8264|0
degree: 7 | 7
eff size: 3.7857142857142856 | 6.0
constraint: 0.2644751216209222 | 0.18367346938775508
community: 1(496) | 1(496)

174 | 6395|-1
degree: 89 | 5
eff size: 51.32022471910111 | 1.2999999999999998
constraint: 0.04460002658540782 | 0.2934200804189959
community: 12(85) | 12(85)

3344 | 6320|0
degree: 10 | 6
eff size: 6.800000000000001 | 3.5
constraint: 0.16219096572822542 | 0.2863978639147521
community: 1(496) | 4(236)

1239 | 4595|-1
degree: 431 | 2
eff size: 396.2366589327148 | -1
constraint: 0.022099515942575337 | 0.5
community: 3(447) | 5(223)

3257 | 5551|0
degree: 46 | 12
eff size: 34.57608695652175 | 8.166666666666668
constraint: 0.041471803621029375 | 0.1346275340318985
community: 1(496) | 1(496)

2118 | 6800|-1
degree: 22 | 2
eff size: 20.522727272727273 | -1
constraint: 0.06294486679302448 | 0.5631846300552594
community: 6(194) | 6(194)

5672 | 5676|0
degree: 10 | 9
eff size: 8.0 | 7.0
constraint: 0.14000000000000004 | 0.16049382716049382
community: 2(472) | 2(472)

2548 | 7292|-1
degree: 140 | 1
eff size: 123.01428571428565 | -1
constraint: 0.028100327886128672 | 1.0
community: 2(472) | 2(472)

4969 | 5000|0
degree: 22 | 17
eff size: 12.704545454545453 | 5.705882352941177
constraint: 0.10192715847132618 | 0.12841220111856952
community: 12(85) | 4(236)

3257 | 1270|-1
degree: 46 | 8
eff size: 34.57608695652175 | 7.3125
constraint: 0.041471803621029375 | 0.15937793216675714
community: 1(496) | 1(496)

6770 | 2107|-1
degree: 7 | 2
eff size: 4.0 | -1
constraint: 0.26530612244897955 | 0.5
community: 11(89) | 11(89)

4200 | 5413|0
degree: 120 | 112
eff size: 71.03750000000002 | 57.245535714285694
constraint: 0.030497548843583962 | 0.032816444658751456
community: 16(63) | 4(236)

3257 | 6900|-1
degree: 46 | 3
eff size: 34.57608695652175 | -1
constraint: 0.041471803621029375 | 0.3333333333333333
community: 1(496) | 1(496)

3549 | 5738|-1
degree: 24 | 4
eff size: 14.062500000000002 | -1
constraint: 0.08827877051619132 | 0.26395225258240584
community: 4(236) | 4(236)

2500 | 2502|0
degree: 19 | 3
eff size: 13.078947368421053 | 1.5
constraint: 0.1471327499754272 | 0.6103019732567285
community: 9(113) | 9(113)

5413 | 6082|0
degree: 112 | 15
eff size: 57.245535714285694 | 9.066666666666666
constraint: 0.032816444658751456 | 0.13729702441489888
community: 4(236) | 3(447)

2856 | 7363|-1
degree: 23 | 2
eff size: 21.347826086956527 | -1
constraint: 0.06116750134821087 | 0.5
community: 1(496) | 1(496)

7199 | 10691|0
degree: 3 | 2
eff size: 2.0 | 1.0
constraint: 0.5555555555555556 | 1.0
community: 14(81) | 14(81)

701 | 4183|0
degree: 720 | 16
eff size: 680.9215277777794 | 6.375
constraint: 0.011790188428286752 | 0.1184696551107465
community: 2(472) | 10(94)

6261 | 3553|-1
degree: 14 | 1
eff size: 5.357142857142858 | -1
constraint: 0.1407241384259123 | 1.0
community: 4(236) | 4(236)

3561 | 6932|-1
degree: 619 | 4
eff size: 573.4846526655897 | -1
constraint: 0.015477846617073824 | 0.25741228116971415
community: 3(447) | 2(472)

174 | 6467|0
degree: 89 | 27
eff size: 51.32022471910111 | 19.962962962962965
constraint: 0.04460002658540782 | 0.06522726724403363
community: 12(85) | 4(236)

1916 | 7414|-1
degree: 6 | 3
eff size: 6.0 | 3.0
constraint: 0.16666666666666669 | 0.3333333333333333
community: 10(94) | 10(94)

702 | 6902|-1
degree: 103 | 7
eff size: 80.46601941747574 | 3.857142857142857
constraint: 0.021485340882799325 | 0.24313931342247724
community: 1(496) | 1(496)

1239 | 7132|-1
degree: 431 | 2
eff size: 396.2366589327148 | -1
constraint: 0.022099515942575337 | 0.5095194464271569
community: 3(447) | 2(472)

4495 | 5594|0
degree: 15 | 6
eff size: 13.766666666666667 | 3.75
constraint: 0.08017594328526567 | 0.2858333869170096
community: 1(496) | 1(496)

5444 | 2598|-1
degree: 4 | 2
eff size: 2.625 | -1
constraint: 0.4283427711458015 | 0.5
community: 23(23) | 23(23)

8309 | 8375|-1
degree: 4 | 2
eff size: 4.0 | -1
constraint: 0.25 | 0.5
community: 1(496) | 1(496)

4436 | 2914|-1
degree: 20 | 206
eff size: 7.6000000000000005 | 111.72815533980582
constraint: 0.10943194219067828 | 0.025917335359892893
community: 4(236) | 4(236)

1137 | 3255|0
degree: 4 | 6
eff size: 3.0 | 4.0
constraint: 0.375 | 0.2777777777777778
community: 6(194) | 6(194)

2118 | 2578|-1
degree: 22 | 11
eff size: 20.522727272727273 | 11.0
constraint: 0.06294486679302448 | 0.09090909090909091
community: 6(194) | 6(194)

8451 | 8488|-1
degree: 2 | 1
eff size: 2.0 | -1
constraint: 0.5 | 1.0
community: 2(472) | 2(472)

