2548 | 7291|0
degree: 170 | 3
eff size: 142.9911764705882 | 1.0
constraint: 0.026737846433357998 | 0.5628145722731929
community: 3(447) | 3(447)

2118 | 8470|-1
degree: 29 | 4
eff size: 21.75862068965517 | 4.0
constraint: 0.05906293586889884 | 0.25
community: 8(132) | 8(132)

1913 | 457|-1
degree: 121 | 1
eff size: 119.98347107438016 | -1
constraint: 0.008588059406992551 | 1.0
community: 10(122) | 10(122)

1239 | 6095|-1
degree: 452 | 4
eff size: 415.25331858407054 | 2.5
constraint: 0.02159936035538154 | 0.25258045243247956
community: 1(482) | 1(482)

5000 | 10909|-1
degree: 20 | 2
eff size: 8.1 | -1
constraint: 0.10827189550586115 | 0.5
community: 4(321) | 4(321)

3254 | 8258|-1
degree: 11 | 2
eff size: 10.818181818181818 | -1
constraint: 0.10281060036882726 | 0.5
community: 8(132) | 8(132)

701 | 4183|-1
degree: 743 | 18
eff size: 706.9273216689105 | 7.944444444444445
constraint: 0.012505038624604042 | 0.10093078949298596
community: 3(447) | 19(48)

3561 | 5076|-1
degree: 631 | 3
eff size: 585.4381933438965 | -1
constraint: 0.016187658484268733 | 0.346028995758485
community: 1(482) | 12(115)

174 | 5696|0
degree: 91 | 81
eff size: 51.0 | 62.72222222222222
constraint: 0.04332261515596675 | 0.02468647854334607
community: 4(321) | 14(86)

4200 | 6601|-1
degree: 95 | 2
eff size: 75.18947368421051 | -1
constraint: 0.03277601829345763 | 0.5119848255671673
community: 12(115) | 12(115)

3561 | 4295|-1
degree: 631 | 2
eff size: 585.4381933438965 | 2.0
constraint: 0.016187658484268733 | 0.5
community: 1(482) | 1(482)

3286 | 8297|-1
degree: 12 | 7
eff size: 6.791666666666668 | 4.2857142857142865
constraint: 0.165385908561329 | 0.24439325049747787
community: 2(458) | 2(458)

4805 | 7617|-1
degree: 6 | 1
eff size: 6.0 | -1
constraint: 0.16666666666666669 | 1.0
community: 6(176) | 6(176)

3257 | 5577|0
degree: 54 | 3
eff size: 32.3148148148148 | 2.0
constraint: 0.04214677795493393 | 0.5555555555555556
community: 2(458) | 2(458)

5673 | 10570|-1
degree: 9 | 1
eff size: 9.0 | -1
constraint: 0.1111111111111111 | 1.0
community: 17(70) | 17(70)

3561 | 10818|-1
degree: 631 | 3
eff size: 585.4381933438965 | 1.8333333333333335
constraint: 0.016187658484268733 | 0.4815949906151218
community: 1(482) | 14(86)

3847 | 5646|0
degree: 96 | 65
eff size: 52.62499999999999 | 52.29230769230769
constraint: 0.038825660701372874 | 0.032402643520215386
community: 4(321) | 5(194)

4200 | 7949|-1
degree: 95 | 2
eff size: 75.18947368421051 | -1
constraint: 0.03277601829345763 | 0.5
community: 12(115) | 12(115)

7372 | 8001|0
degree: 4 | 11
eff size: 3.0 | 7.636363636363637
constraint: 0.375 | 0.1713661871237629
community: 2(458) | 2(458)

1239 | 8108|-1
degree: 452 | 1
eff size: 415.25331858407054 | -1
constraint: 0.02159936035538154 | 1.0
community: 1(482) | 1(482)

5003 | 3817|-1
degree: 5 | 4
eff size: 5.0 | 4.0
constraint: 0.20000000000000004 | 0.25
community: 3(447) | 3(447)

1103 | 5583|0
degree: 19 | 6
eff size: 10.736842105263156 | 4.166666666666667
constraint: 0.14245797323544984 | 0.28291224928212055
community: 2(458) | 2(458)

1 | 3847|0
degree: 219 | 96
eff size: 200.02511415525103 | 52.62499999999999
constraint: 0.028452652356739612 | 0.038825660701372874
community: 3(447) | 4(321)

1225 | 4912|-1
degree: 33 | 4
eff size: 27.57575757575757 | -1
constraint: 0.05650643499448623 | 0.3126852423093156
community: 5(194) | 5(194)

2548 | 7594|0
degree: 170 | 22
eff size: 142.9911764705882 | 11.818181818181818
constraint: 0.026737846433357998 | 0.09527925675297926
community: 3(447) | 6(176)

701 | 10933|-1
degree: 743 | 2
eff size: 706.9273216689105 | -1
constraint: 0.012505038624604042 | 0.5035649905008959
community: 3(447) | 1(482)

3300 | 6905|0
degree: 63 | 6
eff size: 39.50793650793651 | 3.5
constraint: 0.037488817319707664 | 0.3038274011359323
community: 2(458) | 2(458)

4637 | 4158|-1
degree: 36 | 2
eff size: 34.29166666666667 | -1
constraint: 0.03750412232070659 | 0.5665817901234568
community: 6(176) | 6(176)

2497 | 4436|0
degree: 173 | 18
eff size: 96.61849710982656 | 7.694444444444445
constraint: 0.026992033968648296 | 0.11372992460716762
community: 11(120) | 7(138)

3561 | 4569|-1
degree: 631 | 2
eff size: 585.4381933438965 | -1
constraint: 0.016187658484268733 | 0.502935004054313
community: 1(482) | 1(482)

701 | 4573|-1
degree: 743 | 2
eff size: 706.9273216689105 | -1
constraint: 0.012505038624604042 | 0.502935004054313
community: 3(447) | 1(482)

10637 | 8415|-1
degree: 2 | 1
eff size: 2.0 | -1
constraint: 0.5 | 1.0
community: 3(447) | 3(447)

5496 | 5418|-1
degree: 13 | 16
eff size: 6.653846153846154 | 7.53125
constraint: 0.15892972254285082 | 0.1274002258441222
community: 2(458) | 2(458)

4230 | 6543|-1
degree: 17 | 2
eff size: 16.529411764705884 | -1
constraint: 0.0716258137726388 | 0.6068074288538945
community: 9(128) | 9(128)

1955 | 3340|0
degree: 14 | 9
eff size: 10.642857142857142 | 7.722222222222222
constraint: 0.1268109095490048 | 0.15741440609165475
community: 18(63) | 18(63)

7199 | 10691|-1
degree: 4 | 1
eff size: 3.0 | -1
constraint: 0.375 | 1.0
community: 16(80) | 16(80)

568 | 6461|0
degree: 28 | 36
eff size: 11.803571428571429 | 21.1388888888889
constraint: 0.08048154389031438 | 0.07969254668097667
community: 4(321) | 4(321)

5632 | 10257|-1
degree: 15 | 1
eff size: 12.766666666666666 | -1
constraint: 0.09324422620988512 | 1.0
community: 4(321) | 4(321)

3304 | 8270|-1
degree: 6 | 1
eff size: 6.0 | -1
constraint: 0.16666666666666669 | 1.0
community: 2(458) | 2(458)

702 | 6902|0
degree: 106 | 7
eff size: 82.55660377358488 | 4.5
constraint: 0.01993641818205887 | 0.2312100466601078
community: 2(458) | 2(458)

4550 | 5646|0
degree: 9 | 65
eff size: 4.777777777777778 | 52.29230769230769
constraint: 0.1951009319987417 | 0.032402643520215386
community: 5(194) | 5(194)

6921 | 7010|-1
degree: 2 | 1
eff size: 2.0 | -1
constraint: 0.5 | 1.0
community: 17(70) | 17(70)

6905 | 5623|-1
degree: 6 | 5
eff size: 3.5 | 5.0
constraint: 0.3038274011359323 | 0.20000000000000004
community: 2(458) | 2(458)

702 | 3259|-1
degree: 106 | 4
eff size: 82.55660377358488 | -1
constraint: 0.01993641818205887 | 0.25515818281492
community: 2(458) | 4(321)

2118 | 3316|0
degree: 29 | 8
eff size: 21.75862068965517 | 6.4375
constraint: 0.05906293586889884 | 0.17260267188639497
community: 8(132) | 8(132)

3561 | 7137|-1
degree: 631 | 3
eff size: 585.4381933438965 | 3.0
constraint: 0.016187658484268733 | 0.3333333333333333
community: 1(482) | 9(128)

3538 | 5813|-1
degree: 2 | 1
eff size: 2.0 | -1
constraint: 0.5 | 1.0
community: 4(321) | 4(321)

4000 | 5413|0
degree: 82 | 112
eff size: 61.890243902439025 | 58.09375000000002
constraint: 0.022856337808459973 | 0.030845330314790215
community: 2(458) | 4(321)

3847 | 683|-1
degree: 96 | 4
eff size: 52.62499999999999 | 1.75
constraint: 0.038825660701372874 | 0.3978173713540072
community: 4(321) | 5(194)

1755 | 5496|-1
degree: 91 | 13
eff size: 84.46703296703296 | 6.653846153846154
constraint: 0.018811078889205055 | 0.15892972254285082
community: 2(458) | 2(458)

3257 | 5430|0
degree: 54 | 7
eff size: 32.3148148148148 | 5.214285714285714
constraint: 0.04214677795493393 | 0.2650874492738222
community: 2(458) | 2(458)

1239 | 10721|-1
degree: 452 | 3
eff size: 415.25331858407054 | -1
constraint: 0.02159936035538154 | 0.33792080432440813
community: 1(482) | 1(482)

4200 | 6392|-1
degree: 95 | 2
eff size: 75.18947368421051 | -1
constraint: 0.03277601829345763 | 0.5
community: 12(115) | 5(194)

1239 | 238|-1
degree: 452 | 1
eff size: 415.25331858407054 | -1
constraint: 0.02159936035538154 | 1.0
community: 1(482) | 1(482)

6660 | 7960|-1
degree: 20 | 4
eff size: 10.024999999999999 | -1
constraint: 0.09470561659128941 | 0.2630629135887965
community: 4(321) | 4(321)

513 | 8659|-1
degree: 7 | 3
eff size: 5.571428571428571 | 2.0
constraint: 0.18476531625801407 | 0.5555555555555556
community: 13(93) | 13(93)

1270 | 3257|-1
degree: 7 | 54
eff size: 6.071428571428573 | 32.3148148148148
constraint: 0.1937501871094032 | 0.04214677795493393
community: 2(458) | 2(458)

701 | 10717|-1
degree: 743 | 2
eff size: 706.9273216689105 | -1
constraint: 0.012505038624604042 | 0.502935004054313
community: 3(447) | 1(482)

5641 | 7819|0
degree: 5 | 4
eff size: 3.7 | 2.125
constraint: 0.3329766803840879 | 0.4448379427272143
community: 4(321) | 4(321)

4200 | 10621|-1
degree: 95 | 2
eff size: 75.18947368421051 | -1
constraint: 0.03277601829345763 | 0.5
community: 12(115) | 12(115)

5006 | 10968|-1
degree: 20 | 1
eff size: 19.725 | -1
constraint: 0.05538282054560892 | 1.0
community: 5(194) | 5(194)

4200 | 10952|-1
degree: 95 | 2
eff size: 75.18947368421051 | -1
constraint: 0.03277601829345763 | 0.5165540741308745
community: 12(115) | 12(115)

3254 | 6886|-1
degree: 11 | 1
eff size: 10.818181818181818 | -1
constraint: 0.10281060036882726 | 1.0
community: 8(132) | 8(132)

7170 | 84|-1
degree: 21 | 1
eff size: 14.928571428571429 | -1
constraint: 0.09106523969057709 | 1.0
community: 7(138) | 7(138)

701 | 10939|-1
degree: 743 | 1
eff size: 706.9273216689105 | -1
constraint: 0.012505038624604042 | 1.0
community: 3(447) | 3(447)

3257 | 5539|0
degree: 54 | 7
eff size: 32.3148148148148 | 4.142857142857143
constraint: 0.04214677795493393 | 0.26366646641859903
community: 2(458) | 2(458)

6108 | 6296|-1
degree: 2 | 2
eff size: 2.0 | -1
constraint: 0.5 | 0.5
community: 1(482) | 1(482)

1239 | 3828|-1
degree: 452 | 2
eff size: 415.25331858407054 | -1
constraint: 0.02159936035538154 | 0.5038045816480212
community: 1(482) | 1(482)

3847 | 6395|-1
degree: 96 | 7
eff size: 52.62499999999999 | 1.5000000000000004
constraint: 0.038825660701372874 | 0.23800753763835625
community: 4(321) | 4(321)

1667 | 6201|-1
degree: 5 | 5
eff size: 4.0 | -1
constraint: 0.28 | 0.20452166630987667
community: 4(321) | 7(138)

6660 | 8647|-1
degree: 20 | 3
eff size: 10.024999999999999 | 3.0
constraint: 0.09470561659128941 | 0.3333333333333333
community: 4(321) | 2(458)

2518 | 7524|-1
degree: 4 | 2
eff size: 3.0 | -1
constraint: 0.375 | 0.5
community: 11(120) | 11(120)

1239 | 7019|-1
degree: 452 | 5
eff size: 415.25331858407054 | -1
constraint: 0.02159936035538154 | 0.2141434213568082
community: 1(482) | 4(321)

1225 | 4595|-1
degree: 33 | 1
eff size: 27.57575757575757 | -1
constraint: 0.05650643499448623 | 1.0
community: 5(194) | 5(194)

2033 | 3561|0
degree: 4 | 631
eff size: 2.375 | 585.4381933438965
constraint: 0.46567460217795764 | 0.016187658484268733
community: 1(482) | 1(482)

3300 | 5466|0
degree: 63 | 4
eff size: 39.50793650793651 | 3.0
constraint: 0.037488817319707664 | 0.375
community: 2(458) | 2(458)

3561 | 8047|-1
degree: 631 | 2
eff size: 585.4381933438965 | -1
constraint: 0.016187658484268733 | 0.5
community: 1(482) | 1(482)

6221 | 10813|-1
degree: 4 | 2
eff size: 3.625 | -1
constraint: 0.3283232552284126 | 0.6414180209136504
community: 14(86) | 14(86)

4200 | 7019|-1
degree: 95 | 5
eff size: 75.18947368421051 | -1
constraint: 0.03277601829345763 | 0.2141434213568082
community: 12(115) | 4(321)

3561 | 10721|-1
degree: 631 | 3
eff size: 585.4381933438965 | -1
constraint: 0.016187658484268733 | 0.33792080432440813
community: 1(482) | 1(482)

701 | 10637|-1
degree: 743 | 2
eff size: 706.9273216689105 | 2.0
constraint: 0.012505038624604042 | 0.5
community: 3(447) | 3(447)

1982 | 7042|-1
degree: 7 | 2
eff size: 5.285714285714286 | -1
constraint: 0.22886374226472445 | 0.5
community: 1(482) | 1(482)

3300 | 6805|0
degree: 63 | 9
eff size: 39.50793650793651 | 5.666666666666667
constraint: 0.037488817319707664 | 0.19065157750342934
community: 2(458) | 2(458)

5441 | 5449|-1
degree: 6 | 1
eff size: 5.583333333333333 | -1
constraint: 0.2089583333333333 | 1.0
community: 16(80) | 16(80)

5378 | 6660|-1
degree: 45 | 20
eff size: 24.8 | 10.024999999999999
constraint: 0.05137766705838606 | 0.09470561659128941
community: 2(458) | 4(321)

1887 | 8664|-1
degree: 7 | 1
eff size: 5.857142857142858 | -1
constraint: 0.1861143765158118 | 1.0
community: 13(93) | 13(93)

4433 | 4740|-1
degree: 5 | 3
eff size: 3.2 | -1
constraint: 0.32111909094792607 | 0.41048010973936894
community: 6(176) | 6(176)

5683 | 2599|-1
degree: 45 | 2
eff size: 32.31111111111111 | 2.0
constraint: 0.04467598401630111 | 0.5
community: 4(321) | 16(80)

2118 | 5434|0
degree: 29 | 5
eff size: 21.75862068965517 | 4.0
constraint: 0.05906293586889884 | 0.28
community: 8(132) | 8(132)

8228 | 5630|-1
degree: 4 | 2
eff size: 4.0 | -1
constraint: 0.25 | 0.5
community: 14(86) | 14(86)

3561 | 10979|-1
degree: 631 | 2
eff size: 585.4381933438965 | -1
constraint: 0.016187658484268733 | 0.502935004054313
community: 1(482) | 1(482)

1673 | 3407|0
degree: 105 | 14
eff size: 62.599999999999994 | 3.1428571428571437
constraint: 0.031010043149335895 | 0.1403442045598844
community: 7(138) | 4(321)

1198 | 3300|0
degree: 4 | 63
eff size: 1.0 | 39.50793650793651
constraint: 0.5715266305557822 | 0.037488817319707664
community: 2(458) | 2(458)

1673 | 4540|0
degree: 105 | 11
eff size: 62.599999999999994 | 2.727272727272727
constraint: 0.031010043149335895 | 0.16383834993947505
community: 7(138) | 4(321)

1755 | 5423|-1
degree: 91 | 2
eff size: 84.46703296703296 | -1
constraint: 0.018811078889205055 | 0.5530453562421593
community: 2(458) | 2(458)

1239 | 3356|0
degree: 452 | 30
eff size: 415.25331858407054 | 10.233333333333334
constraint: 0.02159936035538154 | 0.08398396591157337
community: 1(482) | 4(321)

4200 | 6245|-1
degree: 95 | 6
eff size: 75.18947368421051 | -1
constraint: 0.03277601829345763 | 0.2011053710916826
community: 12(115) | 4(321)

1205 | 2131|0
degree: 3 | 2
eff size: 2.0 | 1.0
constraint: 0.5555555555555556 | 1.0
community: 19(48) | 19(48)

2854 | 3253|-1
degree: 15 | 2
eff size: 15.0 | -1
constraint: 0.06666666666666667 | 0.5
community: 8(132) | 8(132)

5409 | 8543|-1
degree: 13 | 2
eff size: 7.923076923076923 | -1
constraint: 0.12848740105533502 | 0.5
community: 2(458) | 2(458)

1880 | 1883|0
degree: 5 | 3
eff size: 2.7 | 1.5
constraint: 0.4328741832038536 | 0.6671196447020622
community: 2(458) | 2(458)

3254 | 3319|-1
degree: 11 | 2
eff size: 10.818181818181818 | -1
constraint: 0.10281060036882726 | 0.5
community: 8(132) | 8(132)

1913 | 4489|-1
degree: 121 | 1
eff size: 119.98347107438016 | -1
constraint: 0.008588059406992551 | 1.0
community: 10(122) | 10(122)

701 | 10303|-1
degree: 743 | 19
eff size: 706.9273216689105 | 10.342105263157896
constraint: 0.012505038624604042 | 0.11236973878563124
community: 3(447) | 4(321)

7476 | 7570|-1
degree: 4 | 3
eff size: 1.875 | 1.8333333333333335
constraint: 0.5880555555555556 | 0.5931172839506171
community: 6(176) | 6(176)

3561 | 8322|-1
degree: 631 | 3
eff size: 585.4381933438965 | 2.5
constraint: 0.016187658484268733 | 0.37380924386285697
community: 1(482) | 2(458)

174 | 5683|0
degree: 91 | 45
eff size: 51.0 | 32.31111111111111
constraint: 0.04332261515596675 | 0.04467598401630111
community: 4(321) | 4(321)

8355 | 8656|-1
degree: 3 | 1
eff size: 2.666666666666667 | -1
constraint: 0.355078876827961 | 1.0
community: 2(458) | 2(458)

7474 | 4802|-1
degree: 15 | 3
eff size: 14.233333333333334 | -1
constraint: 0.11015872869031008 | 0.4092896962706651
community: 6(176) | 6(176)

2914 | 568|-1
degree: 212 | 28
eff size: 115.6462264150943 | 11.803571428571429
constraint: 0.024917280456101108 | 0.08048154389031438
community: 4(321) | 4(321)

2683 | 2875|-1
degree: 6 | 2
eff size: 6.0 | -1
constraint: 0.16666666666666669 | 0.5
community: 8(132) | 8(132)

3356 | 6172|-1
degree: 30 | 24
eff size: 10.233333333333334 | 10.583333333333336
constraint: 0.08398396591157337 | 0.08591404171485666
community: 4(321) | 4(321)

1 | 10750|-1
degree: 219 | 2
eff size: 200.02511415525103 | -1
constraint: 0.028452652356739612 | 0.5
community: 3(447) | 4(321)

3847 | 5683|0
degree: 96 | 45
eff size: 52.62499999999999 | 32.31111111111111
constraint: 0.038825660701372874 | 0.04467598401630111
community: 4(321) | 4(321)

2548 | 5737|-1
degree: 170 | 6
eff size: 142.9911764705882 | 5.333333333333334
constraint: 0.026737846433357998 | 0.16813923870694625
community: 3(447) | 5(194)

1 | 3495|-1
degree: 219 | 2
eff size: 200.02511415525103 | -1
constraint: 0.028452652356739612 | 0.505934766773437
community: 3(447) | 3(447)

4000 | 5696|0
degree: 82 | 81
eff size: 61.890243902439025 | 62.72222222222222
constraint: 0.022856337808459973 | 0.02468647854334607
community: 2(458) | 14(86)

3300 | 1299|-1
degree: 63 | 21
eff size: 39.50793650793651 | 14.500000000000002
constraint: 0.037488817319707664 | 0.07823373587486993
community: 2(458) | 2(458)

1299 | 5378|0
degree: 21 | 45
eff size: 14.500000000000002 | 24.8
constraint: 0.07823373587486993 | 0.05137766705838606
community: 2(458) | 2(458)

6849 | 5415|-1
degree: 11 | 9
eff size: 10.454545454545453 | 9.0
constraint: 0.13266386398832464 | 0.1111111111111111
community: 8(132) | 8(132)

1239 | 10949|-1
degree: 452 | 2
eff size: 415.25331858407054 | -1
constraint: 0.02159936035538154 | 0.6111074183569583
community: 1(482) | 1(482)

1299 | 1887|-1
degree: 21 | 7
eff size: 14.500000000000002 | 5.857142857142858
constraint: 0.07823373587486993 | 0.1861143765158118
community: 2(458) | 13(93)

8359 | 8574|-1
degree: 3 | 2
eff size: 3.0 | -1
constraint: 0.3333333333333333 | 0.5
community: 18(63) | 18(63)

3356 | 7384|-1
degree: 30 | 3
eff size: 10.233333333333334 | -1
constraint: 0.08398396591157337 | 0.3666482407320455
community: 4(321) | 4(321)

7594 | 10303|0
degree: 22 | 19
eff size: 11.818181818181818 | 10.342105263157896
constraint: 0.09527925675297926 | 0.11236973878563124
community: 6(176) | 4(321)

4358 | 6081|-1
degree: 4 | 4
eff size: 3.25 | 3.125
constraint: 0.2559410525050224 | 0.329225199362425
community: 14(86) | 14(86)

6680 | 6770|-1
degree: 14 | 8
eff size: 8.357142857142858 | 4.75
constraint: 0.1532718210583553 | 0.23232222576530612
community: 2(458) | 2(458)

4694 | 2510|-1
degree: 18 | 9
eff size: 12.11111111111111 | 5.722222222222222
constraint: 0.15329215783997305 | 0.1971908673850598
community: 11(120) | 11(120)

2118 | 6800|0
degree: 29 | 3
eff size: 21.75862068965517 | 1.1666666666666667
constraint: 0.05906293586889884 | 0.6092183394254341
community: 8(132) | 8(132)

4200 | 4258|-1
degree: 95 | 3
eff size: 75.18947368421051 | -1
constraint: 0.03277601829345763 | 0.3893631487447682
community: 12(115) | 1(482)

8397 | 8442|-1
degree: 3 | 3
eff size: 2.3333333333333335 | -1
constraint: 0.44926697530864196 | 0.44926697530864196
community: 2(458) | 2(458)

2500 | 2501|-1
degree: 16 | 2
eff size: 13.5 | -1
constraint: 0.15790406869052373 | 0.5692163584183674
community: 11(120) | 11(120)

517 | 3257|0
degree: 8 | 54
eff size: 6.75 | 32.3148148148148
constraint: 0.1575023525963743 | 0.04214677795493393
community: 8(132) | 2(458)

1849 | 5500|0
degree: 69 | 3
eff size: 38.40579710144928 | 2.0
constraint: 0.04968989449240593 | 0.5555555555555556
community: 2(458) | 2(458)

6849 | 8353|-1
degree: 11 | 1
eff size: 10.454545454545453 | -1
constraint: 0.13266386398832464 | 1.0
community: 8(132) | 8(132)

1239 | 10726|-1
degree: 452 | 2
eff size: 415.25331858407054 | -1
constraint: 0.02159936035538154 | 0.5038045816480212
community: 1(482) | 1(482)

3320 | 8593|-1
degree: 25 | 1
eff size: 17.18 | -1
constraint: 0.06265849330931438 | 1.0
community: 2(458) | 2(458)

1239 | 7290|-1
degree: 452 | 1
eff size: 415.25331858407054 | -1
constraint: 0.02159936035538154 | 1.0
community: 1(482) | 1(482)

3343 | 6850|-1
degree: 17 | 5
eff size: 15.500000000000002 | 4.7
constraint: 0.07870089985873474 | 0.2061040562824395
community: 8(132) | 8(132)

2685 | 3080|-1
degree: 50 | 1
eff size: 40.24 | -1
constraint: 0.02816325011798499 | 1.0
community: 17(70) | 17(70)

5409 | 8627|-1
degree: 13 | 2
eff size: 7.923076923076923 | -1
constraint: 0.12848740105533502 | 0.5
community: 2(458) | 2(458)

1670 | 8641|-1
degree: 3 | 1
eff size: 3.0 | -1
constraint: 0.3333333333333333 | 1.0
community: 7(138) | 7(138)

1137 | 3255|-1
degree: 3 | 2
eff size: 3.0 | -1
constraint: 0.3333333333333333 | 0.5
community: 13(93) | 13(93)

1 | 10342|-1
degree: 219 | 2
eff size: 200.02511415525103 | -1
constraint: 0.028452652356739612 | 0.505934766773437
community: 3(447) | 3(447)

237 | 293|0
degree: 14 | 198
eff size: 7.285714285714287 | 109.12121212121204
constraint: 0.14816857777177078 | 0.023093265902481962
community: 5(194) | 5(194)

6461 | 6478|0
degree: 36 | 23
eff size: 21.1388888888889 | 6.760869565217392
constraint: 0.07969254668097667 | 0.11033001342703691
community: 4(321) | 4(321)

4200 | 10478|-1
degree: 95 | 2
eff size: 75.18947368421051 | -1
constraint: 0.03277601829345763 | 0.5122244167142926
community: 12(115) | 12(115)

4637 | 2706|-1
degree: 36 | 3
eff size: 34.29166666666667 | 2.3333333333333335
constraint: 0.03750412232070659 | 0.3861454046639231
community: 6(176) | 6(176)

6453 | 6400|-1
degree: 64 | 3
eff size: 63.3984375 | -1
constraint: 0.0236574721338225 | 0.3333333333333333
community: 9(128) | 9(128)

7199 | 7984|0
degree: 4 | 3
eff size: 3.0 | 2.0
constraint: 0.375 | 0.5555555555555556
community: 16(80) | 16(80)

701 | 10526|-1
degree: 743 | 1
eff size: 706.9273216689105 | -1
constraint: 0.012505038624604042 | 1.0
community: 3(447) | 3(447)

5422 | 5428|0
degree: 3 | 3
eff size: 2.0 | 2.0
constraint: 0.5555555555555556 | 0.5555555555555556
community: 2(458) | 2(458)

3462 | 4782|-1
degree: 7 | 1
eff size: 5.7857142857142865 | -1
constraint: 0.22269841269841267 | 1.0
community: 6(176) | 6(176)

3727 | 1784|-1
degree: 2 | 5
eff size: 2.0 | 4.8
constraint: 0.5 | 0.2071216313815578
community: 4(321) | 4(321)

6889 | 3328|-1
degree: 10 | 8
eff size: 7.1000000000000005 | 5.5625
constraint: 0.19326483653535861 | 0.19241429546176145
community: 2(458) | 2(458)

2529 | 3286|0
degree: 16 | 12
eff size: 10.875 | 6.791666666666668
constraint: 0.10955230502357761 | 0.165385908561329
community: 2(458) | 2(458)

3304 | 8201|-1
degree: 6 | 2
eff size: 6.0 | -1
constraint: 0.16666666666666669 | 0.5
community: 2(458) | 2(458)

3847 | 6091|-1
degree: 96 | 2
eff size: 52.62499999999999 | -1
constraint: 0.038825660701372874 | 0.5118728800647049
community: 4(321) | 4(321)

2118 | 8241|-1
degree: 29 | 1
eff size: 21.75862068965517 | -1
constraint: 0.05906293586889884 | 1.0
community: 8(132) | 8(132)

2548 | 6166|-1
degree: 170 | 2
eff size: 142.9911764705882 | -1
constraint: 0.026737846433357998 | 0.5
community: 3(447) | 3(447)

3561 | 10726|-1
degree: 631 | 2
eff size: 585.4381933438965 | -1
constraint: 0.016187658484268733 | 0.5038045816480212
community: 1(482) | 1(482)

1321 | 6201|-1
degree: 4 | 5
eff size: 4.0 | -1
constraint: 0.25 | 0.20452166630987667
community: 7(138) | 7(138)

3804 | 7271|-1
degree: 4 | 4
eff size: 4.0 | -1
constraint: 0.25 | 0.25
community: 15(85) | 15(85)

2548 | 8152|-1
degree: 170 | 1
eff size: 142.9911764705882 | -1
constraint: 0.026737846433357998 | 1.0
community: 3(447) | 3(447)

7018 | 6468|-1
degree: 42 | 5
eff size: 42.0 | -1
constraint: 0.02380952380952379 | 0.20852390531815668
community: 16(80) | 16(80)

5400 | 1804|-1
degree: 25 | 3
eff size: 22.0 | 2.0
constraint: 0.05438087531324568 | 0.5555555555555556
community: 2(458) | 2(458)

701 | 6889|-1
degree: 743 | 10
eff size: 706.9273216689105 | 7.1000000000000005
constraint: 0.012505038624604042 | 0.19326483653535861
community: 3(447) | 2(458)

7586 | 7584|-1
degree: 14 | 1
eff size: 13.714285714285715 | -1
constraint: 0.0879704823105713 | 1.0
community: 6(176) | 6(176)

4495 | 8274|-1
degree: 15 | 2
eff size: 14.8 | -1
constraint: 0.0694427335090358 | 0.5
community: 2(458) | 2(458)

6660 | 3066|-1
degree: 20 | 3
eff size: 10.024999999999999 | -1
constraint: 0.09470561659128941 | 0.3333333333333333
community: 4(321) | 4(321)

701 | 10248|-1
degree: 743 | 2
eff size: 706.9273216689105 | -1
constraint: 0.012505038624604042 | 0.502935004054313
community: 3(447) | 1(482)

2914 | 4436|0
degree: 212 | 18
eff size: 115.6462264150943 | 7.694444444444445
constraint: 0.024917280456101108 | 0.11372992460716762
community: 4(321) | 7(138)

2548 | 7222|0
degree: 170 | 3
eff size: 142.9911764705882 | 1.0
constraint: 0.026737846433357998 | 0.5628145722731929
community: 3(447) | 3(447)

174 | 7144|0
degree: 91 | 4
eff size: 51.0 | 1.0
constraint: 0.04332261515596675 | 0.38894318491297847
community: 4(321) | 4(321)

6453 | 1680|-1
degree: 64 | 3
eff size: 63.3984375 | -1
constraint: 0.0236574721338225 | 0.33718513603106687
community: 9(128) | 9(128)

5378 | 8642|0
degree: 45 | 2
eff size: 24.8 | 1.0
constraint: 0.05137766705838606 | 1.0
community: 2(458) | 2(458)

2516 | 10362|-1
degree: 38 | 1
eff size: 33.67105263157894 | -1
constraint: 0.12841235101484727 | 1.0
community: 11(120) | 11(120)

3951 | 5000|0
degree: 39 | 20
eff size: 22.256410256410255 | 8.1
constraint: 0.052689967928459105 | 0.10827189550586115
community: 4(321) | 4(321)

3257 | 6859|0
degree: 54 | 4
eff size: 32.3148148148148 | 3.0
constraint: 0.04214677795493393 | 0.375
community: 2(458) | 2(458)

701 | 10975|-1
degree: 743 | 2
eff size: 706.9273216689105 | -1
constraint: 0.012505038624604042 | 0.502935004054313
community: 3(447) | 1(482)

1221 | 7573|-1
degree: 45 | 2
eff size: 44.45555555555554 | -1
constraint: 0.030405680920785178 | 0.545679012345679
community: 6(176) | 6(176)

6679 | 6682|-1
degree: 8 | 6
eff size: 6.125 | 3.666666666666667
constraint: 0.20000012213797555 | 0.30190617913832196
community: 2(458) | 2(458)

1675 | 6427|0
degree: 4 | 9
eff size: 3.0 | 5.555555555555555
constraint: 0.375 | 0.22650341801856952
community: 1(482) | 2(458)

6347 | 8001|-1
degree: 42 | 11
eff size: 40.94047619047618 | 7.636363636363637
constraint: 0.05438007093608711 | 0.1713661871237629
community: 12(115) | 2(458)

702 | 3246|0
degree: 106 | 9
eff size: 82.55660377358488 | 4.388888888888889
constraint: 0.01993641818205887 | 0.2094172608227097
community: 2(458) | 13(93)

2548 | 10685|-1
degree: 170 | 1
eff size: 142.9911764705882 | -1
constraint: 0.026737846433357998 | 1.0
community: 3(447) | 3(447)

3257 | 5549|0
degree: 54 | 7
eff size: 32.3148148148148 | 5.428571428571429
constraint: 0.04214677795493393 | 0.1959736555263029
community: 2(458) | 2(458)

3847 | 3763|-1
degree: 96 | 7
eff size: 52.62499999999999 | 1.7142857142857144
constraint: 0.038825660701372874 | 0.24273706724108612
community: 4(321) | 4(321)

701 | 6660|-1
degree: 743 | 20
eff size: 706.9273216689105 | 10.024999999999999
constraint: 0.012505038624604042 | 0.09470561659128941
community: 3(447) | 4(321)

3292 | 5624|-1
degree: 6 | 1
eff size: 5.583333333333334 | -1
constraint: 0.19613301699315688 | 1.0
community: 2(458) | 2(458)

4200 | 5413|-1
degree: 95 | 112
eff size: 75.18947368421051 | 58.09375000000002
constraint: 0.03277601829345763 | 0.030845330314790215
community: 12(115) | 4(321)

6873 | 5423|-1
degree: 11 | 2
eff size: 10.272727272727273 | -1
constraint: 0.15872654656818141 | 0.5530453562421593
community: 2(458) | 2(458)

10692 | 10689|-1
degree: 2 | 2
eff size: 2.0 | -1
constraint: 0.5 | 0.5
community: 4(321) | 4(321)

3817 | 10322|-1
degree: 4 | 1
eff size: 4.0 | -1
constraint: 0.25 | 1.0
community: 3(447) | 3(447)

3340 | 8571|-1
degree: 9 | 2
eff size: 7.722222222222222 | -1
constraint: 0.15741440609165475 | 0.5
community: 18(63) | 18(63)

6509 | 803|-1
degree: 10 | 2
eff size: 8.0 | -1
constraint: 0.14000000000000004 | 0.5
community: 15(85) | 15(85)

702 | 5540|-1
degree: 106 | 2
eff size: 82.55660377358488 | -1
constraint: 0.01993641818205887 | 0.5054126314115214
community: 2(458) | 2(458)

3561 | 10975|-1
degree: 631 | 2
eff size: 585.4381933438965 | -1
constraint: 0.016187658484268733 | 0.502935004054313
community: 1(482) | 1(482)

5646 | 6478|0
degree: 65 | 23
eff size: 52.29230769230769 | 6.760869565217392
constraint: 0.032402643520215386 | 0.11033001342703691
community: 5(194) | 4(321)

5696 | 10818|-1
degree: 81 | 3
eff size: 62.72222222222222 | 1.8333333333333335
constraint: 0.02468647854334607 | 0.4815949906151218
community: 14(86) | 14(86)

1221 | 7543|-1
degree: 45 | 2
eff size: 44.45555555555554 | -1
constraint: 0.030405680920785178 | 0.5
community: 6(176) | 6(176)

293 | 5418|0
degree: 198 | 16
eff size: 109.12121212121204 | 7.53125
constraint: 0.023093265902481962 | 0.1274002258441222
community: 5(194) | 2(458)

2828 | 6921|-1
degree: 26 | 2
eff size: 13.153846153846155 | 2.0
constraint: 0.07950672390454312 | 0.5
community: 17(70) | 17(70)

5559 | 6728|-1
degree: 5 | 6
eff size: 4.4 | 5.75
constraint: 0.26996098357310483 | 0.18013717421124825
community: 2(458) | 2(458)

7586 | 2764|-1
degree: 14 | 17
eff size: 13.714285714285715 | 16.205882352941178
constraint: 0.0879704823105713 | 0.09284866452027432
community: 6(176) | 6(176)

3305 | 8304|-1
degree: 10 | 1
eff size: 9.0 | -1
constraint: 0.12000000000000002 | 1.0
community: 2(458) | 2(458)

2548 | 6478|0
degree: 170 | 23
eff size: 142.9911764705882 | 6.760869565217392
constraint: 0.026737846433357998 | 0.11033001342703691
community: 3(447) | 4(321)

4200 | 7321|-1
degree: 95 | 2
eff size: 75.18947368421051 | -1
constraint: 0.03277601829345763 | 0.5
community: 12(115) | 18(63)

2500 | 2511|-1
degree: 16 | 3
eff size: 13.5 | -1
constraint: 0.15790406869052373 | 0.3333333333333333
community: 11(120) | 7(138)

5441 | 5445|-1
degree: 6 | 5
eff size: 5.583333333333333 | 3.7
constraint: 0.2089583333333333 | 0.30284444444444447
community: 16(80) | 16(80)

2497 | 3932|0
degree: 173 | 14
eff size: 96.61849710982656 | 4.642857142857144
constraint: 0.026992033968648296 | 0.1357267521467479
community: 11(120) | 4(321)

701 | 7080|-1
degree: 743 | 2
eff size: 706.9273216689105 | -1
constraint: 0.012505038624604042 | 0.5
community: 3(447) | 20(36)

3300 | 6680|0
degree: 63 | 14
eff size: 39.50793650793651 | 8.357142857142858
constraint: 0.037488817319707664 | 0.1532718210583553
community: 2(458) | 2(458)

1239 | 7143|-1
degree: 452 | 2
eff size: 415.25331858407054 | -1
constraint: 0.02159936035538154 | 0.5147153788499236
community: 1(482) | 14(86)

270 | 271|-1
degree: 2 | 3
eff size: 2.0 | -1
constraint: 0.5 | 0.3333333333333333
community: 15(85) | 15(85)

6427 | 6889|0
degree: 9 | 10
eff size: 5.555555555555555 | 7.1000000000000005
constraint: 0.22650341801856952 | 0.19326483653535861
community: 2(458) | 2(458)

8001 | 8647|-1
degree: 11 | 3
eff size: 7.636363636363637 | 3.0
constraint: 0.1713661871237629 | 0.3333333333333333
community: 2(458) | 2(458)

6453 | 7315|-1
degree: 64 | 2
eff size: 63.3984375 | -1
constraint: 0.0236574721338225 | 0.5086665560699004
community: 9(128) | 9(128)

1280 | 3847|0
degree: 21 | 96
eff size: 11.04761904761905 | 52.62499999999999
constraint: 0.0968866689424079 | 0.038825660701372874
community: 4(321) | 4(321)

8526 | 3272|-1
degree: 2 | 2
eff size: 2.0 | -1
constraint: 0.5 | 0.5
community: 2(458) | 2(458)

6453 | 10307|-1
degree: 64 | 1
eff size: 63.3984375 | -1
constraint: 0.0236574721338225 | 1.0
community: 9(128) | 9(128)

4000 | 6660|0
degree: 82 | 20
eff size: 61.890243902439025 | 10.024999999999999
constraint: 0.022856337808459973 | 0.09470561659128941
community: 2(458) | 4(321)

1761 | 6922|0
degree: 3 | 8
eff size: 2.0 | 7.0
constraint: 0.5555555555555556 | 0.15625
community: 5(194) | 5(194)

4717 | 4767|-1
degree: 3 | 2
eff size: 3.0 | -1
constraint: 0.3333333333333333 | 0.5
community: 11(120) | 11(120)

1695 | 1690|-1
degree: 2 | 1
eff size: 2.0 | -1
constraint: 0.5 | 1.0
community: 7(138) | 7(138)

2529 | 5428|-1
degree: 16 | 3
eff size: 10.875 | 2.0
constraint: 0.10955230502357761 | 0.5555555555555556
community: 2(458) | 2(458)

5673 | 10533|-1
degree: 9 | 2
eff size: 9.0 | -1
constraint: 0.1111111111111111 | 0.5
community: 17(70) | 17(70)

3257 | 8520|-1
degree: 54 | 2
eff size: 32.3148148148148 | -1
constraint: 0.04214677795493393 | 0.6821267601690881
community: 2(458) | 2(458)

6499 | 10850|-1
degree: 4 | 1
eff size: 3.5 | -1
constraint: 0.25089124762522397 | 1.0
community: 1(482) | 1(482)

3561 | 10815|-1
degree: 631 | 1
eff size: 585.4381933438965 | -1
constraint: 0.016187658484268733 | 1.0
community: 1(482) | 1(482)

3304 | 6848|-1
degree: 6 | 2
eff size: 6.0 | -1
constraint: 0.16666666666666669 | 0.5
community: 2(458) | 2(458)

3305 | 6727|-1
degree: 10 | 4
eff size: 9.0 | -1
constraint: 0.12000000000000002 | 0.25
community: 2(458) | 2(458)

2854 | 6828|-1
degree: 15 | 1
eff size: 15.0 | -1
constraint: 0.06666666666666667 | 1.0
community: 8(132) | 8(132)

5415 | 3326|-1
degree: 9 | 2
eff size: 9.0 | -1
constraint: 0.1111111111111111 | 0.5
community: 8(132) | 8(132)

5483 | 8571|-1
degree: 11 | 2
eff size: 11.0 | -1
constraint: 0.09090909090909091 | 0.5
community: 18(63) | 18(63)

701 | 6633|-1
degree: 743 | 2
eff size: 706.9273216689105 | -1
constraint: 0.012505038624604042 | 0.6951178448128899
community: 3(447) | 3(447)

4200 | 5771|-1
degree: 95 | 5
eff size: 75.18947368421051 | 3.4
constraint: 0.03277601829345763 | 0.286686784635728
community: 12(115) | 12(115)

293 | 5409|0
degree: 198 | 13
eff size: 109.12121212121204 | 7.923076923076923
constraint: 0.023093265902481962 | 0.12848740105533502
community: 5(194) | 2(458)

5417 | 6905|-1
degree: 11 | 6
eff size: 8.045454545454545 | 3.5
constraint: 0.22965536104900502 | 0.3038274011359323
community: 2(458) | 2(458)

4200 | 4150|-1
degree: 95 | 2
eff size: 75.18947368421051 | -1
constraint: 0.03277601829345763 | 0.5119848255671673
community: 12(115) | 12(115)

2548 | 8620|-1
degree: 170 | 1
eff size: 142.9911764705882 | -1
constraint: 0.026737846433357998 | 1.0
community: 3(447) | 3(447)

4200 | 6078|-1
degree: 95 | 4
eff size: 75.18947368421051 | 3.0
constraint: 0.03277601829345763 | 0.26276855190959414
community: 12(115) | 12(115)

3561 | 8076|-1
degree: 631 | 2
eff size: 585.4381933438965 | -1
constraint: 0.016187658484268733 | 0.5061743579205624
community: 1(482) | 3(447)

3786 | 7627|-1
degree: 14 | 1
eff size: 13.892857142857142 | -1
constraint: 0.07782230654925817 | 1.0
community: 21(32) | 21(32)

517 | 5501|-1
degree: 8 | 2
eff size: 6.75 | -1
constraint: 0.1575023525963743 | 0.5
community: 8(132) | 8(132)

3491 | 7594|0
degree: 54 | 22
eff size: 39.63888888888889 | 11.818181818181818
constraint: 0.04083345411646526 | 0.09527925675297926
community: 4(321) | 6(176)

702 | 2871|-1
degree: 106 | 6
eff size: 82.55660377358488 | 4.833333333333333
constraint: 0.01993641818205887 | 0.22282362571239125
community: 2(458) | 2(458)

8647 | 6728|-1
degree: 3 | 6
eff size: 3.0 | 5.75
constraint: 0.3333333333333333 | 0.18013717421124825
community: 2(458) | 2(458)

5418 | 8215|-1
degree: 16 | 1
eff size: 7.53125 | -1
constraint: 0.1274002258441222 | 1.0
community: 2(458) | 2(458)

1239 | 1238|-1
degree: 452 | 1
eff size: 415.25331858407054 | -1
constraint: 0.02159936035538154 | 1.0
community: 1(482) | 1(482)

4200 | 6580|-1
degree: 95 | 2
eff size: 75.18947368421051 | -1
constraint: 0.03277601829345763 | 0.5122244167142926
community: 12(115) | 12(115)

7610 | 7472|-1
degree: 3 | 2
eff size: 2.0 | -1
constraint: 0.5555555555555556 | 0.5
community: 6(176) | 6(176)

3300 | 5378|0
degree: 63 | 45
eff size: 39.50793650793651 | 24.8
constraint: 0.037488817319707664 | 0.05137766705838606
community: 2(458) | 2(458)

6347 | 10951|-1
degree: 42 | 1
eff size: 40.94047619047618 | -1
constraint: 0.05438007093608711 | 1.0
community: 12(115) | 12(115)

2764 | 4802|-1
degree: 17 | 3
eff size: 16.205882352941178 | -1
constraint: 0.09284866452027432 | 0.4092896962706651
community: 6(176) | 6(176)

5559 | 8622|-1
degree: 5 | 2
eff size: 4.4 | -1
constraint: 0.26996098357310483 | 0.6332438016528925
community: 2(458) | 2(458)

5403 | 8412|0
degree: 6 | 3
eff size: 4.75 | 2.0
constraint: 0.22811615069357327 | 0.5555555555555556
community: 2(458) | 2(458)

174 | 4984|0
degree: 91 | 4
eff size: 51.0 | 2.25
constraint: 0.04332261515596675 | 0.38140828477067257
community: 4(321) | 12(115)

7170 | 374|-1
degree: 21 | 1
eff size: 14.928571428571429 | -1
constraint: 0.09106523969057709 | 1.0
community: 7(138) | 7(138)

4200 | 4787|-1
degree: 95 | 2
eff size: 75.18947368421051 | -1
constraint: 0.03277601829345763 | 0.5122244167142926
community: 12(115) | 12(115)

1673 | 689|-1
degree: 105 | 2
eff size: 62.599999999999994 | 1.5
constraint: 0.031010043149335895 | 0.5813151927437641
community: 7(138) | 7(138)

6873 | 8339|-1
degree: 11 | 2
eff size: 10.272727272727273 | -1
constraint: 0.15872654656818141 | 0.5
community: 2(458) | 2(458)

10303 | 10627|-1
degree: 19 | 4
eff size: 10.342105263157896 | 1.5
constraint: 0.11236973878563124 | 0.4215825754788872
community: 4(321) | 4(321)

5417 | 1890|-1
degree: 11 | 8
eff size: 8.045454545454545 | 6.875
constraint: 0.22965536104900502 | 0.14006974793475005
community: 2(458) | 2(458)

4200 | 6355|-1
degree: 95 | 2
eff size: 75.18947368421051 | -1
constraint: 0.03277601829345763 | 0.5122244167142926
community: 12(115) | 12(115)

1 | 6553|-1
degree: 219 | 14
eff size: 200.02511415525103 | 9.642857142857142
constraint: 0.028452652356739612 | 0.1134945825413778
community: 3(447) | 3(447)

5696 | 10811|-1
degree: 81 | 1
eff size: 62.72222222222222 | -1
constraint: 0.02468647854334607 | 1.0
community: 14(86) | 14(86)

6809 | 8574|-1
degree: 3 | 2
eff size: 3.0 | -1
constraint: 0.3333333333333333 | 0.5
community: 18(63) | 18(63)

4000 | 6656|-1
degree: 82 | 2
eff size: 61.890243902439025 | -1
constraint: 0.022856337808459973 | 0.5
community: 2(458) | 2(458)

2917 | 5413|0
degree: 17 | 112
eff size: 9.588235294117647 | 58.09375000000002
constraint: 0.10942287297722134 | 0.030845330314790215
community: 2(458) | 4(321)

6347 | 10789|-1
degree: 42 | 2
eff size: 40.94047619047618 | -1
constraint: 0.05438007093608711 | 0.5127198856292164
community: 12(115) | 12(115)

1326 | 10317|-1
degree: 9 | 3
eff size: 9.0 | -1
constraint: 0.1111111111111111 | 0.3346377795796947
community: 7(138) | 7(138)

2497 | 4608|0
degree: 173 | 3
eff size: 96.61849710982656 | 1.0
constraint: 0.026992033968648296 | 0.6180447081240417
community: 11(120) | 11(120)

4200 | 6570|-1
degree: 95 | 2
eff size: 75.18947368421051 | -1
constraint: 0.03277601829345763 | 0.5122244167142926
community: 12(115) | 12(115)

3462 | 7541|-1
degree: 7 | 4
eff size: 5.7857142857142865 | 3.0
constraint: 0.22269841269841267 | 0.375
community: 6(176) | 6(176)

5676 | 10501|-1
degree: 8 | 1
eff size: 7.0 | -1
constraint: 0.15625 | 1.0
community: 12(115) | 12(115)

2118 | 8504|0
degree: 29 | 3
eff size: 21.75862068965517 | 2.0
constraint: 0.05906293586889884 | 0.5555555555555556
community: 8(132) | 8(132)

3786 | 4670|-1
degree: 14 | 2
eff size: 13.892857142857142 | -1
constraint: 0.07782230654925817 | 0.5377828168320178
community: 21(32) | 21(32)

4600 | 10876|-1
degree: 4 | 3
eff size: 3.5 | 2.0
constraint: 0.25073375101357825 | 0.5555555555555556
community: 4(321) | 4(321)

3257 | 5427|0
degree: 54 | 6
eff size: 32.3148148148148 | 3.75
constraint: 0.04214677795493393 | 0.30290277427843565
community: 2(458) | 2(458)

724 | 3538|-1
degree: 4 | 2
eff size: 3.625 | 2.0
constraint: 0.33266900510204084 | 0.5
community: 4(321) | 4(321)

2914 | 10627|0
degree: 212 | 4
eff size: 115.6462264150943 | 1.5
constraint: 0.024917280456101108 | 0.4215825754788872
community: 4(321) | 4(321)

3384 | 10848|-1
degree: 15 | 1
eff size: 14.4 | -1
constraint: 0.07675946024075504 | 1.0
community: 12(115) | 12(115)

1740 | 10849|-1
degree: 124 | 2
eff size: 75.50806451612901 | -1
constraint: 0.036171140563435226 | 0.5
community: 4(321) | 7(138)

1239 | 8110|-1
degree: 452 | 1
eff size: 415.25331858407054 | -1
constraint: 0.02159936035538154 | 1.0
community: 1(482) | 1(482)

4200 | 4527|-1
degree: 95 | 6
eff size: 75.18947368421051 | 3.166666666666667
constraint: 0.03277601829345763 | 0.2846396726799233
community: 12(115) | 5(194)

3561 | 8025|-1
degree: 631 | 1
eff size: 585.4381933438965 | -1
constraint: 0.016187658484268733 | 1.0
community: 1(482) | 1(482)

4969 | 6261|0
degree: 28 | 13
eff size: 15.767857142857144 | 4.0
constraint: 0.08195996125502036 | 0.17140564574995848
community: 4(321) | 4(321)

4651 | 7715|-1
degree: 8 | 1
eff size: 8.0 | -1
constraint: 0.125 | 1.0
community: 11(120) | 11(120)

2500 | 2502|-1
degree: 16 | 2
eff size: 13.5 | -1
constraint: 0.15790406869052373 | 0.5692163584183674
community: 11(120) | 11(120)

4200 | 6938|-1
degree: 95 | 4
eff size: 75.18947368421051 | 2.75
constraint: 0.03277601829345763 | 0.33585478599966395
community: 12(115) | 12(115)

7018 | 8132|-1
degree: 42 | 2
eff size: 42.0 | -1
constraint: 0.02380952380952379 | 0.5
community: 16(80) | 16(80)

3561 | 137|-1
degree: 631 | 10
eff size: 585.4381933438965 | 8.45
constraint: 0.016187658484268733 | 0.15276111111111113
community: 1(482) | 16(80)

5418 | 6553|0
degree: 16 | 14
eff size: 7.53125 | 9.642857142857142
constraint: 0.1274002258441222 | 0.1134945825413778
community: 2(458) | 3(447)

702 | 8301|0
degree: 106 | 3
eff size: 82.55660377358488 | 2.0
constraint: 0.01993641818205887 | 0.5555555555555556
community: 2(458) | 2(458)

1221 | 7474|-1
degree: 45 | 15
eff size: 44.45555555555554 | 14.233333333333334
constraint: 0.030405680920785178 | 0.11015872869031008
community: 6(176) | 6(176)

2854 | 8402|-1
degree: 15 | 2
eff size: 15.0 | -1
constraint: 0.06666666666666667 | 0.5
community: 8(132) | 8(132)

3847 | 4555|-1
degree: 96 | 1
eff size: 52.62499999999999 | -1
constraint: 0.038825660701372874 | 1.0
community: 4(321) | 4(321)

3257 | 6900|0
degree: 54 | 4
eff size: 32.3148148148148 | 3.0
constraint: 0.04214677795493393 | 0.375
community: 2(458) | 2(458)

1800 | 2548|0
degree: 31 | 170
eff size: 17.016129032258064 | 142.9911764705882
constraint: 0.061626973502639876 | 0.026737846433357998
community: 13(93) | 3(447)

702 | 1257|0
degree: 106 | 13
eff size: 82.55660377358488 | 7.73076923076923
constraint: 0.01993641818205887 | 0.13999463688081876
community: 2(458) | 2(458)

2871 | 3257|0
degree: 6 | 54
eff size: 4.833333333333333 | 32.3148148148148
constraint: 0.22282362571239125 | 0.04214677795493393
community: 2(458) | 2(458)

5623 | 6742|-1
degree: 5 | 10
eff size: 5.0 | 4.800000000000001
constraint: 0.20000000000000004 | 0.23686102246999025
community: 2(458) | 2(458)

1273 | 2510|0
degree: 24 | 9
eff size: 17.9375 | 5.722222222222222
constraint: 0.08051324230023313 | 0.1971908673850598
community: 2(458) | 11(120)

5696 | 5746|-1
degree: 81 | 2
eff size: 62.72222222222222 | -1
constraint: 0.02468647854334607 | 0.5
community: 14(86) | 14(86)

4230 | 10954|-1
degree: 17 | 1
eff size: 16.529411764705884 | -1
constraint: 0.0716258137726388 | 1.0
community: 9(128) | 9(128)

2914 | 10876|0
degree: 212 | 3
eff size: 115.6462264150943 | 2.0
constraint: 0.024917280456101108 | 0.5555555555555556
community: 4(321) | 4(321)

1239 | 6428|-1
degree: 452 | 2
eff size: 415.25331858407054 | -1
constraint: 0.02159936035538154 | 0.5131539036177293
community: 1(482) | 12(115)

6660 | 6427|-1
degree: 20 | 9
eff size: 10.024999999999999 | 5.555555555555555
constraint: 0.09470561659128941 | 0.22650341801856952
community: 4(321) | 2(458)

1239 | 7291|-1
degree: 452 | 3
eff size: 415.25331858407054 | 1.0
constraint: 0.02159936035538154 | 0.5628145722731929
community: 1(482) | 3(447)

3847 | 3951|0
degree: 96 | 39
eff size: 52.62499999999999 | 22.256410256410255
constraint: 0.038825660701372874 | 0.052689967928459105
community: 4(321) | 4(321)

3847 | 6123|-1
degree: 96 | 7
eff size: 52.62499999999999 | 2.6428571428571432
constraint: 0.038825660701372874 | 0.2621261868589973
community: 4(321) | 4(321)

10792 | 10797|-1
degree: 2 | 2
eff size: 2.0 | -1
constraint: 0.5 | 0.5
community: 5(194) | 5(194)

5646 | 6287|-1
degree: 65 | 3
eff size: 52.29230769230769 | -1
constraint: 0.032402643520215386 | 0.3372706211763995
community: 5(194) | 5(194)

7498 | 4802|-1
degree: 4 | 3
eff size: 3.0 | -1
constraint: 0.31748408731684397 | 0.4092896962706651
community: 6(176) | 6(176)

1325 | 1673|0
degree: 13 | 105
eff size: 12.0 | 62.599999999999994
constraint: 0.08875739644970417 | 0.031010043149335895
community: 7(138) | 7(138)

6939 | 7374|-1
degree: 10 | 7
eff size: 4.2 | 2.2857142857142856
constraint: 0.2045838938372835 | 0.2824122587279013
community: 4(321) | 4(321)

5006 | 10903|-1
degree: 20 | 2
eff size: 19.725 | -1
constraint: 0.05538282054560892 | 0.635625
community: 5(194) | 5(194)

6922 | 3354|-1
degree: 8 | 7
eff size: 7.0 | 5.571428571428572
constraint: 0.15625 | 0.19754827380535003
community: 5(194) | 5(194)

5400 | 6679|-1
degree: 25 | 8
eff size: 22.0 | 6.125
constraint: 0.05438087531324568 | 0.20000012213797555
community: 2(458) | 2(458)

2500 | 4608|-1
degree: 16 | 3
eff size: 13.5 | 1.0
constraint: 0.15790406869052373 | 0.6180447081240417
community: 11(120) | 11(120)

3305 | 5594|-1
degree: 10 | 5
eff size: 9.0 | 3.7
constraint: 0.12000000000000002 | 0.28561885517006247
community: 2(458) | 2(458)

3561 | 7384|-1
degree: 631 | 3
eff size: 585.4381933438965 | -1
constraint: 0.016187658484268733 | 0.3666482407320455
community: 1(482) | 4(321)

1331 | 6993|0
degree: 6 | 9
eff size: 4.0 | 7.0
constraint: 0.2777777777777778 | 0.16156926137291963
community: 1(482) | 1(482)

6235 | 10741|-1
degree: 23 | 2
eff size: 17.021739130434785 | -1
constraint: 0.07084638027653015 | 0.5228851205952886
community: 14(86) | 14(86)

5455 | 5448|-1
degree: 3 | 4
eff size: 2.5 | 3.25
constraint: 0.41916666666666663 | 0.354375
community: 16(80) | 16(80)

1239 | 6504|-1
degree: 452 | 2
eff size: 415.25331858407054 | -1
constraint: 0.02159936035538154 | 0.5038045816480212
community: 1(482) | 1(482)

5673 | 5672|-1
degree: 9 | 2
eff size: 9.0 | 2.0
constraint: 0.1111111111111111 | 0.5
community: 17(70) | 17(70)

1673 | 4136|0
degree: 105 | 5
eff size: 62.599999999999994 | 0.9999999999999998
constraint: 0.031010043149335895 | 0.29454741706114007
community: 7(138) | 7(138)

2516 | 4725|-1
degree: 38 | 10
eff size: 33.67105263157894 | 9.05
constraint: 0.12841235101484727 | 0.14766169712456137
community: 11(120) | 11(120)

4000 | 7980|-1
degree: 82 | 2
eff size: 61.890243902439025 | -1
constraint: 0.022856337808459973 | 0.5
community: 2(458) | 9(128)

2497 | 4710|-1
degree: 173 | 2
eff size: 96.61849710982656 | -1
constraint: 0.026992033968648296 | 0.6128985265127469
community: 11(120) | 11(120)

7586 | 7719|-1
degree: 14 | 2
eff size: 13.714285714285715 | -1
constraint: 0.0879704823105713 | 0.5
community: 6(176) | 6(176)

1239 | 10967|-1
degree: 452 | 1
eff size: 415.25331858407054 | -1
constraint: 0.02159936035538154 | 1.0
community: 1(482) | 1(482)

1755 | 6829|-1
degree: 91 | 2
eff size: 84.46703296703296 | -1
constraint: 0.018811078889205055 | 0.5530453562421593
community: 2(458) | 2(458)

3857 | 3663|-1
degree: 7 | 2
eff size: 4.642857142857142 | -1
constraint: 0.21547198747274682 | 0.5776380306018563
community: 1(482) | 1(482)

1740 | 4565|0
degree: 124 | 34
eff size: 75.50806451612901 | 16.058823529411764
constraint: 0.036171140563435226 | 0.07596002972866413
community: 4(321) | 3(447)

1849 | 2856|0
degree: 69 | 22
eff size: 38.40579710144928 | 19.113636363636363
constraint: 0.04968989449240593 | 0.07693041718051119
community: 2(458) | 2(458)

145 | 225|0
degree: 45 | 4
eff size: 33.24444444444444 | 2.75
constraint: 0.04502167581751563 | 0.39187841708923954
community: 5(194) | 5(194)

1 | 10442|-1
degree: 219 | 2
eff size: 200.02511415525103 | -1
constraint: 0.028452652356739612 | 0.505934766773437
community: 3(447) | 3(447)

3304 | 8295|-1
degree: 6 | 1
eff size: 6.0 | -1
constraint: 0.16666666666666669 | 1.0
community: 2(458) | 2(458)

5441 | 5451|-1
degree: 6 | 1
eff size: 5.583333333333333 | -1
constraint: 0.2089583333333333 | 1.0
community: 16(80) | 16(80)

6453 | 8529|-1
degree: 64 | 2
eff size: 63.3984375 | -1
constraint: 0.0236574721338225 | 0.5
community: 9(128) | 9(128)

1833 | 8532|0
degree: 7 | 2
eff size: 5.142857142857143 | 1.0
constraint: 0.18589471108538913 | 1.0
community: 13(93) | 13(93)

3847 | 6248|-1
degree: 96 | 4
eff size: 52.62499999999999 | -1
constraint: 0.038825660701372874 | 0.26177709717916975
community: 4(321) | 4(321)

1880 | 1882|0
degree: 5 | 2
eff size: 2.7 | 1.0
constraint: 0.4328741832038536 | 1.0
community: 2(458) | 2(458)

1239 | 7275|0
degree: 452 | 3
eff size: 415.25331858407054 | 2.0
constraint: 0.02159936035538154 | 0.5555555555555556
community: 1(482) | 1(482)

3303 | 8667|-1
degree: 23 | 1
eff size: 20.84782608695652 | -1
constraint: 0.05157210797073139 | 1.0
community: 13(93) | 13(93)

2905 | 7352|0
degree: 25 | 2
eff size: 13.58 | 1.0
constraint: 0.10370300226757372 | 1.0
community: 19(48) | 19(48)

174 | 8218|0
degree: 91 | 8
eff size: 51.0 | 4.125
constraint: 0.04332261515596675 | 0.1967680591618572
community: 4(321) | 4(321)

2548 | 7835|-1
degree: 170 | 2
eff size: 142.9911764705882 | -1
constraint: 0.026737846433357998 | 0.5075042526180202
community: 3(447) | 3(447)

701 | 7819|-1
degree: 743 | 4
eff size: 706.9273216689105 | 2.125
constraint: 0.012505038624604042 | 0.4448379427272143
community: 3(447) | 4(321)

4650 | 4751|-1
degree: 2 | 1
eff size: 2.0 | -1
constraint: 0.5 | 1.0
community: 6(176) | 6(176)

701 | 10989|-1
degree: 743 | 2
eff size: 706.9273216689105 | -1
constraint: 0.012505038624604042 | 0.502935004054313
community: 3(447) | 1(482)

2548 | 10952|-1
degree: 170 | 2
eff size: 142.9911764705882 | -1
constraint: 0.026737846433357998 | 0.5165540741308745
community: 3(447) | 12(115)

668 | 4200|0
degree: 33 | 95
eff size: 15.590909090909092 | 75.18947368421051
constraint: 0.07330644017530362 | 0.03277601829345763
community: 7(138) | 12(115)

3256 | 5410|-1
degree: 8 | 4
eff size: 4.5 | -1
constraint: 0.24268861418457918 | 0.29828125
community: 2(458) | 2(458)

10818 | 10810|-1
degree: 3 | 2
eff size: 1.8333333333333335 | -1
constraint: 0.4815949906151218 | 0.7006553878981863
community: 14(86) | 14(86)

10490 | 81|-1
degree: 5 | 5
eff size: 5.0 | 4.6
constraint: 0.20000000000000004 | 0.20057039848014335
community: 1(482) | 1(482)

1755 | 6873|-1
degree: 91 | 11
eff size: 84.46703296703296 | 10.272727272727273
constraint: 0.018811078889205055 | 0.15872654656818141
community: 2(458) | 2(458)

3561 | 10334|-1
degree: 631 | 3
eff size: 585.4381933438965 | -1
constraint: 0.016187658484268733 | 0.3431913991859464
community: 1(482) | 4(321)

8584 | 8347|-1
degree: 5 | 2
eff size: 5.0 | -1
constraint: 0.20000000000000004 | 0.5
community: 23(9) | 23(9)

4001 | 4134|-1
degree: 8 | 9
eff size: 6.6875 | 7.444444444444445
constraint: 0.16097886645084902 | 0.14192939139078958
community: 6(176) | 6(176)

3491 | 4550|0
degree: 54 | 9
eff size: 39.63888888888889 | 4.777777777777778
constraint: 0.04083345411646526 | 0.1951009319987417
community: 4(321) | 5(194)

6746 | 6715|-1
degree: 2 | 3
eff size: 1.25 | -1
constraint: 0.7288888888888889 | 0.48753086419753083
community: 18(63) | 18(63)

3220 | 3238|-1
degree: 5 | 2
eff size: 3.6999999999999997 | -1
constraint: 0.33071109718850344 | 0.5
community: 4(321) | 4(321)

8342 | 8568|-1
degree: 12 | 1
eff size: 11.333333333333334 | -1
constraint: 0.13872181560782149 | 1.0
community: 8(132) | 8(132)

5413 | 6902|-1
degree: 112 | 7
eff size: 58.09375000000002 | 4.5
constraint: 0.030845330314790215 | 0.2312100466601078
community: 4(321) | 2(458)

2529 | 2917|0
degree: 16 | 17
eff size: 10.875 | 9.588235294117647
constraint: 0.10955230502357761 | 0.10942287297722134
community: 2(458) | 2(458)

8091 | 5651|-1
degree: 2 | 5
eff size: 2.0 | 5.0
constraint: 0.5 | 0.20000000000000004
community: 14(86) | 14(86)

701 | 7498|-1
degree: 743 | 4
eff size: 706.9273216689105 | 3.0
constraint: 0.012505038624604042 | 0.31748408731684397
community: 3(447) | 6(176)

174 | 7594|0
degree: 91 | 22
eff size: 51.0 | 11.818181818181818
constraint: 0.04332261515596675 | 0.09527925675297926
community: 4(321) | 6(176)

816 | 10808|-1
degree: 19 | 1
eff size: 18.68421052631579 | -1
constraint: 0.06818094681248742 | 1.0
community: 15(85) | 15(85)

701 | 10971|-1
degree: 743 | 3
eff size: 706.9273216689105 | 1.0
constraint: 0.012505038624604042 | 0.5620429847380592
community: 3(447) | 3(447)

8322 | 8210|-1
degree: 3 | 7
eff size: 2.5 | 4.785714285714286
constraint: 0.37380924386285697 | 0.22365879509030995
community: 2(458) | 2(458)

4200 | 5714|-1
degree: 95 | 3
eff size: 75.18947368421051 | -1
constraint: 0.03277601829345763 | 0.33904640140483355
community: 12(115) | 7(138)

4001 | 7643|-1
degree: 8 | 3
eff size: 6.6875 | -1
constraint: 0.16097886645084902 | 0.3333333333333333
community: 6(176) | 6(176)

3847 | 6082|0
degree: 96 | 12
eff size: 52.62499999999999 | 7.958333333333333
constraint: 0.038825660701372874 | 0.1494443392743684
community: 4(321) | 4(321)

3300 | 3329|-1
degree: 63 | 2
eff size: 39.50793650793651 | -1
constraint: 0.037488817319707664 | 0.5
community: 2(458) | 9(128)

6922 | 3794|-1
degree: 8 | 1
eff size: 7.0 | -1
constraint: 0.15625 | 1.0
community: 5(194) | 5(194)

3561 | 6971|-1
degree: 631 | 1
eff size: 585.4381933438965 | -1
constraint: 0.016187658484268733 | 1.0
community: 1(482) | 1(482)

2551 | 7936|-1
degree: 36 | 1
eff size: 18.194444444444443 | -1
constraint: 0.06734559966757499 | 1.0
community: 4(321) | 4(321)

3561 | 10966|-1
degree: 631 | 2
eff size: 585.4381933438965 | -1
constraint: 0.016187658484268733 | 0.502935004054313
community: 1(482) | 1(482)

1 | 7331|-1
degree: 219 | 1
eff size: 200.02511415525103 | -1
constraint: 0.028452652356739612 | 1.0
community: 3(447) | 3(447)

2548 | 4200|0
degree: 170 | 95
eff size: 142.9911764705882 | 75.18947368421051
constraint: 0.026737846433357998 | 0.03277601829345763
community: 3(447) | 12(115)

3257 | 6705|0
degree: 54 | 5
eff size: 32.3148148148148 | 4.0
constraint: 0.04214677795493393 | 0.28
community: 2(458) | 2(458)

701 | 7790|-1
degree: 743 | 3
eff size: 706.9273216689105 | -1
constraint: 0.012505038624604042 | 0.3333333333333333
community: 3(447) | 4(321)

3257 | 5401|0
degree: 54 | 3
eff size: 32.3148148148148 | 2.0
constraint: 0.04214677795493393 | 0.5555555555555556
community: 2(458) | 2(458)

3561 | 6504|-1
degree: 631 | 2
eff size: 585.4381933438965 | -1
constraint: 0.016187658484268733 | 0.5038045816480212
community: 1(482) | 1(482)

6703 | 5598|-1
degree: 2 | 1
eff size: 2.0 | -1
constraint: 0.5 | 1.0
community: 8(132) | 8(132)

4200 | 5557|-1
degree: 95 | 4
eff size: 75.18947368421051 | 3.0
constraint: 0.03277601829345763 | 0.375
community: 12(115) | 4(321)

6679 | 559|-1
degree: 8 | 2
eff size: 6.125 | -1
constraint: 0.20000012213797555 | 0.5
community: 2(458) | 2(458)

6849 | 8601|-1
degree: 11 | 1
eff size: 10.454545454545453 | -1
constraint: 0.13266386398832464 | 1.0
community: 8(132) | 8(132)

1221 | 7719|-1
degree: 45 | 2
eff size: 44.45555555555554 | -1
constraint: 0.030405680920785178 | 0.5
community: 6(176) | 6(176)

8322 | 3292|-1
degree: 3 | 6
eff size: 2.5 | 5.583333333333334
constraint: 0.37380924386285697 | 0.19613301699315688
community: 2(458) | 2(458)

2599 | 3216|-1
degree: 2 | 7
eff size: 2.0 | 7.0
constraint: 0.5 | 0.14285714285714285
community: 16(80) | 16(80)

2548 | 10958|-1
degree: 170 | 2
eff size: 142.9911764705882 | -1
constraint: 0.026737846433357998 | 0.5
community: 3(447) | 3(447)

701 | 6103|-1
degree: 743 | 1
eff size: 706.9273216689105 | -1
constraint: 0.012505038624604042 | 1.0
community: 3(447) | 3(447)

293 | 7610|0
degree: 198 | 3
eff size: 109.12121212121204 | 2.0
constraint: 0.023093265902481962 | 0.5555555555555556
community: 5(194) | 6(176)

4969 | 5000|-1
degree: 28 | 20
eff size: 15.767857142857144 | 8.1
constraint: 0.08195996125502036 | 0.10827189550586115
community: 4(321) | 4(321)

5650 | 10494|-1
degree: 22 | 2
eff size: 21.25 | -1
constraint: 0.06244042248559339 | 0.5
community: 14(86) | 1(482)

6484 | 10915|-1
degree: 3 | 1
eff size: 2.5 | -1
constraint: 0.3825746759616224 | 1.0
community: 12(115) | 12(115)

2548 | 6948|-1
degree: 170 | 3
eff size: 142.9911764705882 | -1
constraint: 0.026737846433357998 | 0.3365620717648421
community: 3(447) | 14(86)

6113 | 6461|-1
degree: 54 | 36
eff size: 39.2037037037037 | 21.1388888888889
constraint: 0.03606541582043029 | 0.07969254668097667
community: 17(70) | 4(321)

1 | 10809|-1
degree: 219 | 1
eff size: 200.02511415525103 | -1
constraint: 0.028452652356739612 | 1.0
community: 3(447) | 3(447)

2914 | 7058|-1
degree: 212 | 4
eff size: 115.6462264150943 | 2.625
constraint: 0.024917280456101108 | 0.2905982964832964
community: 4(321) | 5(194)

3257 | 5409|0
degree: 54 | 13
eff size: 32.3148148148148 | 7.923076923076923
constraint: 0.04214677795493393 | 0.12848740105533502
community: 2(458) | 2(458)

702 | 8612|-1
degree: 106 | 1
eff size: 82.55660377358488 | -1
constraint: 0.01993641818205887 | 1.0
community: 2(458) | 2(458)

145 | 1201|0
degree: 45 | 4
eff size: 33.24444444444444 | 3.0
constraint: 0.04502167581751563 | 0.375
community: 5(194) | 5(194)

1241 | 6867|-1
degree: 8 | 2
eff size: 8.0 | -1
constraint: 0.125 | 0.5
community: 22(22) | 22(22)

5408 | 8522|-1
degree: 16 | 2
eff size: 15.0 | -1
constraint: 0.0703125 | 0.5
community: 22(22) | 22(22)

4058 | 7659|-1
degree: 12 | 1
eff size: 9.083333333333334 | -1
constraint: 0.11576105823819807 | 1.0
community: 4(321) | 4(321)

5006 | 10879|-1
degree: 20 | 1
eff size: 19.725 | -1
constraint: 0.05538282054560892 | 1.0
community: 5(194) | 5(194)

3300 | 5400|-1
degree: 63 | 25
eff size: 39.50793650793651 | 22.0
constraint: 0.037488817319707664 | 0.05438087531324568
community: 2(458) | 2(458)

2548 | 10833|-1
degree: 170 | 2
eff size: 142.9911764705882 | -1
constraint: 0.026737846433357998 | 0.5072646614708949
community: 3(447) | 3(447)

6679 | 6770|-1
degree: 8 | 8
eff size: 6.125 | 4.75
constraint: 0.20000012213797555 | 0.23232222576530612
community: 2(458) | 2(458)

5650 | 10914|-1
degree: 22 | 2
eff size: 21.25 | -1
constraint: 0.06244042248559339 | 0.5
community: 14(86) | 14(86)

4565 | 6130|-1
degree: 34 | 3
eff size: 16.058823529411764 | -1
constraint: 0.07596002972866413 | 0.3629334667743522
community: 3(447) | 3(447)

1239 | 6175|-1
degree: 452 | 1
eff size: 415.25331858407054 | -1
constraint: 0.02159936035538154 | 1.0
community: 1(482) | 1(482)

4000 | 4969|0
degree: 82 | 28
eff size: 61.890243902439025 | 15.767857142857144
constraint: 0.022856337808459973 | 0.08195996125502036
community: 2(458) | 4(321)

174 | 3703|0
degree: 91 | 5
eff size: 51.0 | 0.9999999999999998
constraint: 0.04332261515596675 | 0.2957067804994767
community: 4(321) | 4(321)

8079 | 8132|-1
degree: 3 | 2
eff size: 2.3333333333333335 | -1
constraint: 0.3346377795796947 | 0.5
community: 16(80) | 16(80)

702 | 6730|-1
degree: 106 | 8
eff size: 82.55660377358488 | 7.75
constraint: 0.01993641818205887 | 0.1533203125
community: 2(458) | 13(93)

685 | 3940|0
degree: 19 | 4
eff size: 17.18421052631579 | 2.375
constraint: 0.08835962904436953 | 0.5294754155124654
community: 4(321) | 4(321)

1755 | 2529|-1
degree: 91 | 16
eff size: 84.46703296703296 | 10.875
constraint: 0.018811078889205055 | 0.10955230502357761
community: 2(458) | 2(458)

5389 | 5554|-1
degree: 5 | 2
eff size: 5.0 | -1
constraint: 0.20000000000000004 | 0.5
community: 18(63) | 18(63)

2856 | 8622|-1
degree: 22 | 2
eff size: 19.113636363636363 | -1
constraint: 0.07693041718051119 | 0.6332438016528925
community: 2(458) | 2(458)

6115 | 10784|-1
degree: 3 | 1
eff size: 2.3333333333333335 | -1
constraint: 0.3740557707694984 | 1.0
community: 4(321) | 4(321)

6347 | 7742|-1
degree: 42 | 3
eff size: 40.94047619047618 | -1
constraint: 0.05438007093608711 | 0.3333333333333333
community: 12(115) | 12(115)

5413 | 8297|0
degree: 112 | 7
eff size: 58.09375000000002 | 4.2857142857142865
constraint: 0.030845330314790215 | 0.24439325049747787
community: 4(321) | 2(458)

3356 | 6478|0
degree: 30 | 23
eff size: 10.233333333333334 | 6.760869565217392
constraint: 0.08398396591157337 | 0.11033001342703691
community: 4(321) | 4(321)

1323 | 5646|0
degree: 9 | 65
eff size: 7.722222222222222 | 52.29230769230769
constraint: 0.14388051779993172 | 0.032402643520215386
community: 7(138) | 5(194)

5377 | 5413|0
degree: 15 | 112
eff size: 13.866666666666667 | 58.09375000000002
constraint: 0.08456790123456791 | 0.030845330314790215
community: 18(63) | 4(321)

701 | 10735|-1
degree: 743 | 2
eff size: 706.9273216689105 | -1
constraint: 0.012505038624604042 | 0.5035649905008959
community: 3(447) | 1(482)

6509 | 549|-1
degree: 10 | 9
eff size: 8.0 | 8.0
constraint: 0.14000000000000004 | 0.13580246913580246
community: 15(85) | 15(85)

1662 | 10849|-1
degree: 3 | 2
eff size: 3.0 | -1
constraint: 0.3333333333333333 | 0.5
community: 7(138) | 7(138)

1221 | 9261|-1
degree: 45 | 1
eff size: 44.45555555555554 | -1
constraint: 0.030405680920785178 | 1.0
community: 6(176) | 6(176)

517 | 6827|-1
degree: 8 | 2
eff size: 6.75 | -1
constraint: 0.1575023525963743 | 0.5
community: 8(132) | 8(132)

6679 | 513|-1
degree: 8 | 7
eff size: 6.125 | 5.571428571428571
constraint: 0.20000012213797555 | 0.18476531625801407
community: 2(458) | 13(93)

4000 | 7646|-1
degree: 82 | 1
eff size: 61.890243902439025 | -1
constraint: 0.022856337808459973 | 1.0
community: 2(458) | 2(458)

174 | 3563|0
degree: 91 | 8
eff size: 51.0 | 2.75
constraint: 0.04332261515596675 | 0.19940111074482758
community: 4(321) | 4(321)

1 | 4534|0
degree: 219 | 18
eff size: 200.02511415525103 | 15.777777777777779
constraint: 0.028452652356739612 | 0.08800499626278738
community: 3(447) | 1(482)

701 | 2752|-1
degree: 743 | 3
eff size: 706.9273216689105 | -1
constraint: 0.012505038624604042 | 0.3333333333333333
community: 3(447) | 7(138)

1239 | 10941|-1
degree: 452 | 1
eff size: 415.25331858407054 | -1
constraint: 0.02159936035538154 | 1.0
community: 1(482) | 1(482)

1239 | 5088|-1
degree: 452 | 3
eff size: 415.25331858407054 | -1
constraint: 0.02159936035538154 | 0.34059669007872434
community: 1(482) | 3(447)

2041 | 10431|-1
degree: 57 | 2
eff size: 43.850877192982445 | -1
constraint: 0.04461475418570523 | 0.5191993531141048
community: 12(115) | 12(115)

6679 | 6680|0
degree: 8 | 14
eff size: 6.125 | 8.357142857142858
constraint: 0.20000012213797555 | 0.1532718210583553
community: 2(458) | 2(458)

174 | 3407|0
degree: 91 | 14
eff size: 51.0 | 3.1428571428571437
constraint: 0.04332261515596675 | 0.1403442045598844
community: 4(321) | 4(321)

1335 | 5113|-1
degree: 9 | 1
eff size: 8.0 | -1
constraint: 0.13580246913580246 | 1.0
community: 7(138) | 7(138)

5409 | 8578|0
degree: 13 | 9
eff size: 7.923076923076923 | 4.333333333333334
constraint: 0.12848740105533502 | 0.2370752542520116
community: 2(458) | 2(458)

3491 | 7911|0
degree: 54 | 2
eff size: 39.63888888888889 | 1.0
constraint: 0.04083345411646526 | 1.0
community: 4(321) | 4(321)

4134 | 5727|0
degree: 9 | 16
eff size: 7.444444444444445 | 13.75
constraint: 0.14192939139078958 | 0.08059053647929175
community: 6(176) | 6(176)

4495 | 5594|-1
degree: 15 | 5
eff size: 14.8 | 3.7
constraint: 0.0694427335090358 | 0.28561885517006247
community: 2(458) | 2(458)

2529 | 5459|-1
degree: 16 | 80
eff size: 10.875 | 40.29374999999999
constraint: 0.10955230502357761 | 0.04444416238624117
community: 2(458) | 2(458)

7476 | 7571|0
degree: 4 | 3
eff size: 1.875 | 1.1666666666666667
constraint: 0.5880555555555556 | 0.7245679012345678
community: 6(176) | 6(176)

4969 | 5683|0
degree: 28 | 45
eff size: 15.767857142857144 | 32.31111111111111
constraint: 0.08195996125502036 | 0.04467598401630111
community: 4(321) | 4(321)

3352 | 8311|-1
degree: 12 | 1
eff size: 12.0 | -1
constraint: 0.08333333333333336 | 1.0
community: 2(458) | 2(458)

4565 | 7750|-1
degree: 34 | 2
eff size: 16.058823529411764 | -1
constraint: 0.07596002972866413 | 0.5316245230625904
community: 3(447) | 3(447)

6762 | 3302|-1
degree: 18 | 15
eff size: 15.88888888888889 | 14.100000000000001
constraint: 0.06973454981674382 | 0.08625325904064289
community: 9(128) | 2(458)

3561 | 10813|-1
degree: 631 | 2
eff size: 585.4381933438965 | -1
constraint: 0.016187658484268733 | 0.6414180209136504
community: 1(482) | 14(86)

1241 | 8522|-1
degree: 8 | 2
eff size: 8.0 | -1
constraint: 0.125 | 0.5
community: 22(22) | 22(22)

5430 | 8520|-1
degree: 7 | 2
eff size: 5.214285714285714 | -1
constraint: 0.2650874492738222 | 0.6821267601690881
community: 2(458) | 2(458)

4200 | 3110|-1
degree: 95 | 2
eff size: 75.18947368421051 | -1
constraint: 0.03277601829345763 | 0.5
community: 12(115) | 12(115)

7018 | 10963|-1
degree: 42 | 1
eff size: 42.0 | -1
constraint: 0.02380952380952379 | 1.0
community: 16(80) | 16(80)

3561 | 10984|-1
degree: 631 | 1
eff size: 585.4381933438965 | -1
constraint: 0.016187658484268733 | 1.0
community: 1(482) | 1(482)

278 | 3548|-1
degree: 7 | 1
eff size: 6.642857142857143 | -1
constraint: 0.14926819732556854 | 1.0
community: 20(36) | 20(36)

3302 | 8660|-1
degree: 15 | 1
eff size: 14.100000000000001 | -1
constraint: 0.08625325904064289 | 1.0
community: 2(458) | 2(458)

5412 | 8421|-1
degree: 4 | 2
eff size: 3.75 | -1
constraint: 0.26772261639030615 | 0.5
community: 2(458) | 2(458)

701 | 7384|-1
degree: 743 | 3
eff size: 706.9273216689105 | -1
constraint: 0.012505038624604042 | 0.3666482407320455
community: 3(447) | 4(321)

701 | 111|-1
degree: 743 | 3
eff size: 706.9273216689105 | -1
constraint: 0.012505038624604042 | 0.33597100745486086
community: 3(447) | 5(194)

2854 | 8440|-1
degree: 15 | 1
eff size: 15.0 | -1
constraint: 0.06666666666666667 | 1.0
community: 8(132) | 8(132)

1740 | 3588|-1
degree: 124 | 2
eff size: 75.50806451612901 | -1
constraint: 0.036171140563435226 | 0.5097168501501469
community: 4(321) | 4(321)

6888 | 6768|-1
degree: 2 | 2
eff size: 2.0 | -1
constraint: 0.5 | 0.5
community: 23(9) | 23(9)

5441 | 5448|-1
degree: 6 | 4
eff size: 5.583333333333333 | 3.25
constraint: 0.2089583333333333 | 0.354375
community: 16(80) | 16(80)

701 | 10979|-1
degree: 743 | 2
eff size: 706.9273216689105 | -1
constraint: 0.012505038624604042 | 0.502935004054313
community: 3(447) | 1(482)

4200 | 5486|-1
degree: 95 | 2
eff size: 75.18947368421051 | -1
constraint: 0.03277601829345763 | 0.5119848255671673
community: 12(115) | 12(115)

6104 | 5101|-1
degree: 3 | 1
eff size: 2.3333333333333335 | -1
constraint: 0.33754544844578727 | 1.0
community: 4(321) | 4(321)

2914 | 6248|-1
degree: 212 | 4
eff size: 115.6462264150943 | -1
constraint: 0.024917280456101108 | 0.26177709717916975
community: 4(321) | 4(321)

701 | 10944|-1
degree: 743 | 1
eff size: 706.9273216689105 | -1
constraint: 0.012505038624604042 | 1.0
community: 3(447) | 3(447)

2548 | 10699|-1
degree: 170 | 2
eff size: 142.9911764705882 | -1
constraint: 0.026737846433357998 | 0.5075042526180202
community: 3(447) | 3(447)

6427 | 8001|0
degree: 9 | 11
eff size: 5.555555555555555 | 7.636363636363637
constraint: 0.22650341801856952 | 0.1713661871237629
community: 2(458) | 2(458)

7915 | 8047|-1
degree: 4 | 2
eff size: 4.0 | -1
constraint: 0.25 | 0.5
community: 1(482) | 1(482)

7018 | 5050|-1
degree: 42 | 9
eff size: 42.0 | 8.88888888888889
constraint: 0.02380952380952379 | 0.1117050661143153
community: 16(80) | 16(80)

4005 | 5561|-1
degree: 26 | 3
eff size: 24.769230769230766 | 3.0
constraint: 0.0430919721858196 | 0.3333333333333333
community: 9(128) | 18(63)

2933 | 10399|0
degree: 8 | 6
eff size: 3.75 | 4.166666666666667
constraint: 0.22304918934009707 | 0.2585440496599304
community: 3(447) | 1(482)

3786 | 4663|-1
degree: 14 | 1
eff size: 13.892857142857142 | -1
constraint: 0.07782230654925817 | 1.0
community: 21(32) | 21(32)

6922 | 10812|-1
degree: 8 | 1
eff size: 7.0 | -1
constraint: 0.15625 | 1.0
community: 5(194) | 5(194)

4200 | 4959|-1
degree: 95 | 3
eff size: 75.18947368421051 | -1
constraint: 0.03277601829345763 | 0.34542676035378517
community: 12(115) | 12(115)

5413 | 7777|0
degree: 112 | 2
eff size: 58.09375000000002 | 1.0
constraint: 0.030845330314790215 | 1.0
community: 4(321) | 4(321)

1890 | 3333|-1
degree: 8 | 47
eff size: 6.875 | 23.531914893617028
constraint: 0.14006974793475005 | 0.06586104747326484
community: 2(458) | 2(458)

4200 | 4208|-1
degree: 95 | 4
eff size: 75.18947368421051 | -1
constraint: 0.03277601829345763 | 0.2619048097584681
community: 12(115) | 12(115)

2578 | 8595|-1
degree: 14 | 2
eff size: 13.0 | -1
constraint: 0.0816326530612245 | 0.5
community: 8(132) | 8(132)

6681 | 6683|0
degree: 3 | 9
eff size: 2.0 | 4.388888888888889
constraint: 0.5555555555555556 | 0.2312524235665917
community: 2(458) | 2(458)

3300 | 5427|0
degree: 63 | 6
eff size: 39.50793650793651 | 3.75
constraint: 0.037488817319707664 | 0.30290277427843565
community: 2(458) | 2(458)

3463 | 4492|-1
degree: 8 | 3
eff size: 6.375 | -1
constraint: 0.15880792604256555 | 0.3333333333333333
community: 7(138) | 7(138)

3343 | 1741|-1
degree: 17 | 10
eff size: 15.500000000000002 | 9.0
constraint: 0.07870089985873474 | 0.12000000000000002
community: 8(132) | 13(93)

2578 | 3254|-1
degree: 14 | 11
eff size: 13.0 | 10.818181818181818
constraint: 0.0816326530612245 | 0.10281060036882726
community: 8(132) | 8(132)

2497 | 6395|0
degree: 173 | 7
eff size: 96.61849710982656 | 1.5000000000000004
constraint: 0.026992033968648296 | 0.23800753763835625
community: 11(120) | 4(321)

2907 | 3836|-1
degree: 14 | 1
eff size: 13.178571428571429 | -1
constraint: 0.166916107746762 | 1.0
community: 11(120) | 11(120)

1225 | 10858|-1
degree: 33 | 2
eff size: 27.57575757575757 | -1
constraint: 0.05650643499448623 | 0.5161741044765522
community: 5(194) | 5(194)

4000 | 8584|-1
degree: 82 | 5
eff size: 61.890243902439025 | 5.0
constraint: 0.022856337808459973 | 0.20000000000000004
community: 2(458) | 23(9)

2917 | 8274|-1
degree: 17 | 2
eff size: 9.588235294117647 | -1
constraint: 0.10942287297722134 | 0.5
community: 2(458) | 2(458)

2500 | 2907|-1
degree: 16 | 14
eff size: 13.5 | 13.178571428571429
constraint: 0.15790406869052373 | 0.166916107746762
community: 11(120) | 11(120)

3847 | 4058|0
degree: 96 | 12
eff size: 52.62499999999999 | 9.083333333333334
constraint: 0.038825660701372874 | 0.11576105823819807
community: 4(321) | 4(321)

4200 | 10339|-1
degree: 95 | 3
eff size: 75.18947368421051 | 2.3333333333333335
constraint: 0.03277601829345763 | 0.33865992247429655
community: 12(115) | 12(115)

2109 | 3300|0
degree: 5 | 63
eff size: 3.0 | 39.50793650793651
constraint: 0.3600000000000001 | 0.037488817319707664
community: 2(458) | 2(458)

3149 | 5682|0
degree: 4 | 3
eff size: 3.0 | 2.0
constraint: 0.375 | 0.5555555555555556
community: 17(70) | 17(70)

701 | 6948|-1
degree: 743 | 3
eff size: 706.9273216689105 | -1
constraint: 0.012505038624604042 | 0.3365620717648421
community: 3(447) | 14(86)

2917 | 5378|0
degree: 17 | 45
eff size: 9.588235294117647 | 24.8
constraint: 0.10942287297722134 | 0.05137766705838606
community: 2(458) | 2(458)

4969 | 8001|-1
degree: 28 | 11
eff size: 15.767857142857144 | 7.636363636363637
constraint: 0.08195996125502036 | 0.1713661871237629
community: 4(321) | 2(458)

1 | 144|-1
degree: 219 | 2
eff size: 200.02511415525103 | -1
constraint: 0.028452652356739612 | 0.505934766773437
community: 3(447) | 3(447)

1667 | 6805|0
degree: 5 | 9
eff size: 4.0 | 5.666666666666667
constraint: 0.28 | 0.19065157750342934
community: 4(321) | 2(458)

1955 | 6668|0
degree: 14 | 4
eff size: 10.642857142857142 | 2.375
constraint: 0.1268109095490048 | 0.4844104308390023
community: 18(63) | 18(63)

1239 | 10638|-1
degree: 452 | 1
eff size: 415.25331858407054 | -1
constraint: 0.02159936035538154 | 1.0
community: 1(482) | 1(482)

2764 | 4433|-1
degree: 17 | 5
eff size: 16.205882352941178 | 3.2
constraint: 0.09284866452027432 | 0.32111909094792607
community: 6(176) | 6(176)

2548 | 6906|0
degree: 170 | 2
eff size: 142.9911764705882 | 1.0
constraint: 0.026737846433357998 | 1.0
community: 3(447) | 3(447)

1273 | 6779|-1
degree: 24 | 3
eff size: 17.9375 | -1
constraint: 0.08051324230023313 | 0.3333333333333333
community: 2(458) | 2(458)

5650 | 10406|-1
degree: 22 | 1
eff size: 21.25 | -1
constraint: 0.06244042248559339 | 1.0
community: 14(86) | 14(86)

2493 | 6996|-1
degree: 23 | 2
eff size: 22.76086956521739 | -1
constraint: 0.04747432718913643 | 0.5
community: 15(85) | 15(85)

3300 | 8673|-1
degree: 63 | 1
eff size: 39.50793650793651 | -1
constraint: 0.037488817319707664 | 1.0
community: 2(458) | 2(458)

689 | 2056|-1
degree: 2 | 7
eff size: 1.5 | 3.3571428571428577
constraint: 0.5813151927437641 | 0.27257990768228313
community: 7(138) | 7(138)

4923 | 5716|-1
degree: 6 | 1
eff size: 5.666666666666667 | -1
constraint: 0.16732608519704856 | 1.0
community: 14(86) | 14(86)

701 | 3246|-1
degree: 743 | 9
eff size: 706.9273216689105 | 4.388888888888889
constraint: 0.012505038624604042 | 0.2094172608227097
community: 3(447) | 13(93)

5594 | 6760|0
degree: 5 | 3
eff size: 3.7 | 2.0
constraint: 0.28561885517006247 | 0.5555555555555556
community: 2(458) | 2(458)

2497 | 4689|0
degree: 173 | 3
eff size: 96.61849710982656 | 2.0
constraint: 0.026992033968648296 | 0.5555555555555556
community: 11(120) | 2(458)

6755 | 8505|-1
degree: 6 | 1
eff size: 5.666666666666667 | -1
constraint: 0.16750047251311334 | 1.0
community: 9(128) | 9(128)

701 | 7751|-1
degree: 743 | 2
eff size: 706.9273216689105 | -1
constraint: 0.012505038624604042 | 0.5127198856292164
community: 3(447) | 12(115)

8363 | 8386|-1
degree: 2 | 2
eff size: 2.0 | -1
constraint: 0.5 | 0.5
community: 9(128) | 9(128)

145 | 1312|0
degree: 45 | 3
eff size: 33.24444444444444 | 2.0
constraint: 0.04502167581751563 | 0.5555555555555556
community: 5(194) | 5(194)

3304 | 5463|-1
degree: 6 | 4
eff size: 6.0 | 3.0
constraint: 0.16666666666666669 | 0.375
community: 2(458) | 2(458)

6467 | 4989|-1
degree: 24 | 2
eff size: 19.458333333333332 | -1
constraint: 0.06802266712543616 | 0.5
community: 3(447) | 3(447)

701 | 4436|-1
degree: 743 | 18
eff size: 706.9273216689105 | 7.694444444444445
constraint: 0.012505038624604042 | 0.11372992460716762
community: 3(447) | 7(138)

174 | 10722|-1
degree: 91 | 1
eff size: 51.0 | -1
constraint: 0.04332261515596675 | 1.0
community: 4(321) | 4(321)

1239 | 4358|-1
degree: 452 | 4
eff size: 415.25331858407054 | 3.25
constraint: 0.02159936035538154 | 0.2559410525050224
community: 1(482) | 14(86)

5676 | 6592|-1
degree: 8 | 2
eff size: 7.0 | -1
constraint: 0.15625 | 0.5
community: 12(115) | 12(115)

4200 | 8100|-1
degree: 95 | 2
eff size: 75.18947368421051 | -1
constraint: 0.03277601829345763 | 0.5
community: 12(115) | 17(70)

4200 | 7782|-1
degree: 95 | 4
eff size: 75.18947368421051 | 3.5
constraint: 0.03277601829345763 | 0.25305610417857316
community: 12(115) | 12(115)

6669 | 8239|-1
degree: 3 | 3
eff size: 3.0 | -1
constraint: 0.3333333333333333 | 0.3333333333333333
community: 2(458) | 2(458)

4433 | 7637|0
degree: 5 | 3
eff size: 3.2 | 2.0
constraint: 0.32111909094792607 | 0.5555555555555556
community: 6(176) | 6(176)

2848 | 8592|-1
degree: 5 | 2
eff size: 4.6 | -1
constraint: 0.25694444444444453 | 0.6534027777777778
community: 8(132) | 8(132)

6680 | 6683|0
degree: 14 | 9
eff size: 8.357142857142858 | 4.388888888888889
constraint: 0.1532718210583553 | 0.2312524235665917
community: 2(458) | 2(458)

1 | 10303|0
degree: 219 | 19
eff size: 200.02511415525103 | 10.342105263157896
constraint: 0.028452652356739612 | 0.11236973878563124
community: 3(447) | 4(321)

4183 | 7996|-1
degree: 18 | 2
eff size: 7.944444444444445 | -1
constraint: 0.10093078949298596 | 0.5
community: 19(48) | 19(48)

3951 | 8113|-1
degree: 39 | 1
eff size: 22.256410256410255 | -1
constraint: 0.052689967928459105 | 1.0
community: 4(321) | 4(321)

6461 | 4969|-1
degree: 36 | 28
eff size: 21.1388888888889 | 15.767857142857144
constraint: 0.07969254668097667 | 0.08195996125502036
community: 4(321) | 4(321)

2150 | 3899|-1
degree: 4 | 2
eff size: 3.125 | -1
constraint: 0.32955109825798024 | 0.6417324183569583
community: 1(482) | 1(482)

701 | 3845|-1
degree: 743 | 2
eff size: 706.9273216689105 | -1
constraint: 0.012505038624604042 | 0.5035649905008959
community: 3(447) | 1(482)

701 | 10925|-1
degree: 743 | 2
eff size: 706.9273216689105 | -1
constraint: 0.012505038624604042 | 0.5072646614708949
community: 3(447) | 3(447)

3320 | 8627|-1
degree: 25 | 2
eff size: 17.18 | -1
constraint: 0.06265849330931438 | 0.5
community: 2(458) | 2(458)

3306 | 5427|-1
degree: 5 | 6
eff size: 3.6 | 3.75
constraint: 0.3136911060720585 | 0.30290277427843565
community: 2(458) | 2(458)

701 | 3495|-1
degree: 743 | 2
eff size: 706.9273216689105 | -1
constraint: 0.012505038624604042 | 0.505934766773437
community: 3(447) | 3(447)

3257 | 6754|0
degree: 54 | 10
eff size: 32.3148148148148 | 5.85
constraint: 0.04214677795493393 | 0.2416692361639501
community: 2(458) | 2(458)

8584 | 6768|-1
degree: 5 | 2
eff size: 5.0 | -1
constraint: 0.20000000000000004 | 0.5
community: 23(9) | 23(9)

1740 | 6114|-1
degree: 124 | 2
eff size: 75.50806451612901 | -1
constraint: 0.036171140563435226 | 0.5
community: 4(321) | 14(86)

2548 | 6181|-1
degree: 170 | 3
eff size: 142.9911764705882 | -1
constraint: 0.026737846433357998 | 0.34178298155267284
community: 3(447) | 3(447)

6661 | 8284|0
degree: 5 | 3
eff size: 4.0 | 2.0
constraint: 0.28 | 0.5555555555555556
community: 9(128) | 9(128)

4200 | 6218|-1
degree: 95 | 10
eff size: 75.18947368421051 | 5.7
constraint: 0.03277601829345763 | 0.16763967887751768
community: 12(115) | 4(321)

2118 | 2578|0
degree: 29 | 14
eff size: 21.75862068965517 | 13.0
constraint: 0.05906293586889884 | 0.0816326530612245
community: 8(132) | 8(132)

8342 | 8592|-1
degree: 12 | 2
eff size: 11.333333333333334 | -1
constraint: 0.13872181560782149 | 0.6534027777777778
community: 8(132) | 8(132)

5646 | 10730|-1
degree: 65 | 1
eff size: 52.29230769230769 | -1
constraint: 0.032402643520215386 | 1.0
community: 5(194) | 5(194)

760 | 2494|0
degree: 3 | 2
eff size: 2.0 | 1.0
constraint: 0.5555555555555556 | 1.0
community: 19(48) | 19(48)

3384 | 10909|-1
degree: 15 | 2
eff size: 14.4 | -1
constraint: 0.07675946024075504 | 0.5
community: 12(115) | 4(321)

701 | 10557|-1
degree: 743 | 2
eff size: 706.9273216689105 | -1
constraint: 0.012505038624604042 | 0.5292227830844949
community: 3(447) | 1(482)

3257 | 6783|0
degree: 54 | 5
eff size: 32.3148148148148 | 1.9000000000000001
constraint: 0.04214677795493393 | 0.4616402294994387
community: 2(458) | 2(458)

6742 | 8578|0
degree: 10 | 9
eff size: 4.800000000000001 | 4.333333333333334
constraint: 0.23686102246999025 | 0.2370752542520116
community: 2(458) | 2(458)

701 | 6533|-1
degree: 743 | 1
eff size: 706.9273216689105 | -1
constraint: 0.012505038624604042 | 1.0
community: 3(447) | 3(447)

8584 | 8320|-1
degree: 5 | 1
eff size: 5.0 | -1
constraint: 0.20000000000000004 | 1.0
community: 23(9) | 23(9)

2549 | 3632|-1
degree: 3 | 6
eff size: 2.3333333333333335 | 5.666666666666667
constraint: 0.38876543209876535 | 0.19209876543209875
community: 20(36) | 20(36)

5726 | 10923|-1
degree: 4 | 1
eff size: 4.0 | -1
constraint: 0.25 | 1.0
community: 17(70) | 17(70)

6889 | 8001|0
degree: 10 | 11
eff size: 7.1000000000000005 | 7.636363636363637
constraint: 0.19326483653535861 | 0.1713661871237629
community: 2(458) | 2(458)

3463 | 7976|-1
degree: 8 | 1
eff size: 6.375 | -1
constraint: 0.15880792604256555 | 1.0
community: 7(138) | 7(138)

1852 | 7377|-1
degree: 11 | 3
eff size: 9.454545454545455 | -1
constraint: 0.12689064294645425 | 0.3333333333333333
community: 5(194) | 5(194)

2551 | 3847|0
degree: 36 | 96
eff size: 18.194444444444443 | 52.62499999999999
constraint: 0.06734559966757499 | 0.038825660701372874
community: 4(321) | 4(321)

3831 | 10958|-1
degree: 5 | 2
eff size: 4.6 | -1
constraint: 0.20060873306368343 | 0.5
community: 3(447) | 3(447)

2860 | 6806|0
degree: 5 | 4
eff size: 3.5 | 2.375
constraint: 0.37250000000000005 | 0.50140625
community: 9(128) | 9(128)

2118 | 8443|-1
degree: 29 | 2
eff size: 21.75862068965517 | -1
constraint: 0.05906293586889884 | 0.5
community: 8(132) | 8(132)

1239 | 10899|-1
degree: 452 | 1
eff size: 415.25331858407054 | -1
constraint: 0.02159936035538154 | 1.0
community: 1(482) | 1(482)

6221 | 6948|-1
degree: 4 | 3
eff size: 3.625 | -1
constraint: 0.3283232552284126 | 0.3365620717648421
community: 14(86) | 14(86)

5000 | 4540|-1
degree: 20 | 11
eff size: 8.1 | 2.727272727272727
constraint: 0.10827189550586115 | 0.16383834993947505
community: 4(321) | 4(321)

2764 | 7704|-1
degree: 17 | 2
eff size: 16.205882352941178 | -1
constraint: 0.09284866452027432 | 0.5672666125273639
community: 6(176) | 6(176)

7018 | 10914|-1
degree: 42 | 2
eff size: 42.0 | -1
constraint: 0.02380952380952379 | 0.5
community: 16(80) | 14(86)

3252 | 8340|-1
degree: 7 | 2
eff size: 6.142857142857144 | -1
constraint: 0.24632990386237136 | 0.686530612244898
community: 8(132) | 8(132)

1741 | 6793|-1
degree: 10 | 5
eff size: 9.0 | 4.0
constraint: 0.12000000000000002 | 0.28
community: 13(93) | 13(93)

3847 | 6425|-1
degree: 96 | 1
eff size: 52.62499999999999 | -1
constraint: 0.038825660701372874 | 1.0
community: 4(321) | 4(321)

6853 | 8609|-1
degree: 3 | 1
eff size: 3.0 | -1
constraint: 0.3333333333333333 | 1.0
community: 9(128) | 9(128)

4637 | 8443|-1
degree: 36 | 2
eff size: 34.29166666666667 | -1
constraint: 0.03750412232070659 | 0.5
community: 6(176) | 8(132)

5761 | 8071|-1
degree: 7 | 1
eff size: 3.8571428571428568 | -1
constraint: 0.22593629430049383 | 1.0
community: 1(482) | 1(482)

4200 | 7770|-1
degree: 95 | 5
eff size: 75.18947368421051 | 3.5999999999999996
constraint: 0.03277601829345763 | 0.24065647896745612
community: 12(115) | 12(115)

7570 | 7569|-1
degree: 3 | 2
eff size: 1.8333333333333335 | -1
constraint: 0.5931172839506171 | 0.7288888888888889
community: 6(176) | 6(176)

2548 | 3707|-1
degree: 170 | 3
eff size: 142.9911764705882 | 1.0
constraint: 0.026737846433357998 | 0.5650321199407243
community: 3(447) | 4(321)

3561 | 10248|-1
degree: 631 | 2
eff size: 585.4381933438965 | -1
constraint: 0.016187658484268733 | 0.502935004054313
community: 1(482) | 1(482)

4534 | 10557|-1
degree: 18 | 2
eff size: 15.777777777777779 | -1
constraint: 0.08800499626278738 | 0.5292227830844949
community: 1(482) | 1(482)

1239 | 10643|-1
degree: 452 | 1
eff size: 415.25331858407054 | -1
constraint: 0.02159936035538154 | 1.0
community: 1(482) | 1(482)

3257 | 6659|0
degree: 54 | 5
eff size: 32.3148148148148 | 2.2
constraint: 0.04214677795493393 | 0.399849108367627
community: 2(458) | 2(458)

1239 | 6144|-1
degree: 452 | 2
eff size: 415.25331858407054 | -1
constraint: 0.02159936035538154 | 0.5131539036177293
community: 1(482) | 12(115)

174 | 6469|0
degree: 91 | 5
eff size: 51.0 | 0.9999999999999998
constraint: 0.04332261515596675 | 0.2957067804994767
community: 4(321) | 4(321)

93 | 2914|0
degree: 8 | 212
eff size: 6.1875 | 115.6462264150943
constraint: 0.15771954196703747 | 0.024917280456101108
community: 5(194) | 4(321)

4200 | 7035|-1
degree: 95 | 4
eff size: 75.18947368421051 | -1
constraint: 0.03277601829345763 | 0.2647289496740922
community: 12(115) | 12(115)

1239 | 6172|0
degree: 452 | 24
eff size: 415.25331858407054 | 10.583333333333336
constraint: 0.02159936035538154 | 0.08591404171485666
community: 1(482) | 4(321)

7170 | 1456|-1
degree: 21 | 1
eff size: 14.928571428571429 | -1
constraint: 0.09106523969057709 | 1.0
community: 7(138) | 7(138)

2548 | 10931|-1
degree: 170 | 2
eff size: 142.9911764705882 | -1
constraint: 0.026737846433357998 | 0.5072646614708949
community: 3(447) | 3(447)

5441 | 5450|-1
degree: 6 | 1
eff size: 5.583333333333333 | -1
constraint: 0.2089583333333333 | 1.0
community: 16(80) | 16(80)

5669 | 8669|-1
degree: 13 | 1
eff size: 7.307692307692308 | -1
constraint: 0.13119769466903547 | 1.0
community: 2(458) | 2(458)

1225 | 10932|-1
degree: 33 | 1
eff size: 27.57575757575757 | -1
constraint: 0.05650643499448623 | 1.0
community: 5(194) | 5(194)

701 | 10931|-1
degree: 743 | 2
eff size: 706.9273216689105 | -1
constraint: 0.012505038624604042 | 0.5072646614708949
community: 3(447) | 3(447)

7784 | 10543|0
degree: 4 | 3
eff size: 2.625 | 2.0
constraint: 0.45329335009211136 | 0.5555555555555556
community: 3(447) | 3(447)

5455 | 5456|-1
degree: 3 | 1
eff size: 2.5 | -1
constraint: 0.41916666666666663 | 1.0
community: 16(80) | 16(80)

4680 | 7524|-1
degree: 5 | 2
eff size: 2.8000000000000003 | -1
constraint: 0.3079594163030331 | 0.5
community: 11(120) | 11(120)

702 | 3300|0
degree: 106 | 63
eff size: 82.55660377358488 | 39.50793650793651
constraint: 0.01993641818205887 | 0.037488817319707664
community: 2(458) | 2(458)

701 | 10928|-1
degree: 743 | 1
eff size: 706.9273216689105 | -1
constraint: 0.012505038624604042 | 1.0
community: 3(447) | 3(447)

1331 | 5761|0
degree: 6 | 7
eff size: 4.0 | 3.8571428571428568
constraint: 0.2777777777777778 | 0.22593629430049383
community: 1(482) | 1(482)

8210 | 8264|-1
degree: 7 | 6
eff size: 4.785714285714286 | 6.0
constraint: 0.22365879509030995 | 0.16666666666666669
community: 2(458) | 2(458)

3561 | 10947|-1
degree: 631 | 1
eff size: 585.4381933438965 | -1
constraint: 0.016187658484268733 | 1.0
community: 1(482) | 1(482)

3245 | 5421|0
degree: 3 | 2
eff size: 2.0 | 1.0
constraint: 0.5555555555555556 | 1.0
community: 4(321) | 4(321)

1 | 4183|0
degree: 219 | 18
eff size: 200.02511415525103 | 7.944444444444445
constraint: 0.028452652356739612 | 0.10093078949298596
community: 3(447) | 19(48)

5611 | 8665|-1
degree: 5 | 1
eff size: 3.3000000000000003 | -1
constraint: 0.2934980867346939 | 1.0
community: 4(321) | 4(321)

3257 | 4269|0
degree: 54 | 4
eff size: 32.3148148148148 | 3.0
constraint: 0.04214677795493393 | 0.375
community: 2(458) | 2(458)

701 | 10966|-1
degree: 743 | 2
eff size: 706.9273216689105 | -1
constraint: 0.012505038624604042 | 0.502935004054313
community: 3(447) | 1(482)

683 | 1225|0
degree: 4 | 33
eff size: 1.75 | 27.57575757575757
constraint: 0.3978173713540072 | 0.05650643499448623
community: 5(194) | 5(194)

7586 | 7704|-1
degree: 14 | 2
eff size: 13.714285714285715 | -1
constraint: 0.0879704823105713 | 0.5672666125273639
community: 6(176) | 6(176)

1 | 1673|-1
degree: 219 | 105
eff size: 200.02511415525103 | 62.599999999999994
constraint: 0.028452652356739612 | 0.031010043149335895
community: 3(447) | 7(138)

2914 | 5409|0
degree: 212 | 13
eff size: 115.6462264150943 | 7.923076923076923
constraint: 0.024917280456101108 | 0.12848740105533502
community: 4(321) | 2(458)

6453 | 5769|-1
degree: 64 | 2
eff size: 63.3984375 | -1
constraint: 0.0236574721338225 | 0.5089809535132083
community: 9(128) | 9(128)

1239 | 10933|-1
degree: 452 | 2
eff size: 415.25331858407054 | -1
constraint: 0.02159936035538154 | 0.5035649905008959
community: 1(482) | 1(482)

2033 | 4459|-1
degree: 4 | 3
eff size: 2.375 | -1
constraint: 0.46567460217795764 | 0.4821290181393506
community: 1(482) | 1(482)

7784 | 7785|-1
degree: 4 | 2
eff size: 2.625 | -1
constraint: 0.45329335009211136 | 0.6412984003684454
community: 3(447) | 3(447)

636 | 1914|0
degree: 3 | 3
eff size: 2.0 | 2.0
constraint: 0.5555555555555556 | 0.5555555555555556
community: 10(122) | 10(122)

3305 | 6904|-1
degree: 10 | 2
eff size: 9.0 | -1
constraint: 0.12000000000000002 | 0.5
community: 2(458) | 2(458)

2914 | 5119|-1
degree: 212 | 4
eff size: 115.6462264150943 | 3.5
constraint: 0.024917280456101108 | 0.25158163216094875
community: 4(321) | 16(80)

2548 | 7292|0
degree: 170 | 2
eff size: 142.9911764705882 | 1.0
constraint: 0.026737846433357998 | 1.0
community: 3(447) | 3(447)

517 | 6|-1
degree: 8 | 2
eff size: 6.75 | -1
constraint: 0.1575023525963743 | 0.5
community: 8(132) | 8(132)

2548 | 7294|0
degree: 170 | 3
eff size: 142.9911764705882 | 1.0
constraint: 0.026737846433357998 | 0.5628145722731929
community: 3(447) | 3(447)

5580 | 6663|-1
degree: 4 | 1
eff size: 4.0 | -1
constraint: 0.25 | 1.0
community: 18(63) | 18(63)

4200 | 5767|-1
degree: 95 | 2
eff size: 75.18947368421051 | -1
constraint: 0.03277601829345763 | 0.5
community: 12(115) | 5(194)

4058 | 9269|-1
degree: 12 | 1
eff size: 9.083333333333334 | -1
constraint: 0.11576105823819807 | 1.0
community: 4(321) | 4(321)

701 | 5106|-1
degree: 743 | 1
eff size: 706.9273216689105 | -1
constraint: 0.012505038624604042 | 1.0
community: 3(447) | 3(447)

1324 | 4546|-1
degree: 8 | 2
eff size: 8.0 | -1
constraint: 0.125 | 0.5
community: 7(138) | 7(138)

174 | 2056|0
degree: 91 | 7
eff size: 51.0 | 3.3571428571428577
constraint: 0.04332261515596675 | 0.27257990768228313
community: 4(321) | 7(138)

1887 | 8267|0
degree: 7 | 3
eff size: 5.857142857142858 | 2.0
constraint: 0.1861143765158118 | 0.5555555555555556
community: 13(93) | 13(93)

2107 | 6770|0
degree: 3 | 8
eff size: 2.0 | 4.75
constraint: 0.5555555555555556 | 0.23232222576530612
community: 7(138) | 2(458)

3305 | 6675|-1
degree: 10 | 2
eff size: 9.0 | -1
constraint: 0.12000000000000002 | 0.5
community: 2(458) | 2(458)

5696 | 6235|0
degree: 81 | 23
eff size: 62.72222222222222 | 17.021739130434785
constraint: 0.02468647854334607 | 0.07084638027653015
community: 14(86) | 14(86)

6461 | 7594|-1
degree: 36 | 22
eff size: 21.1388888888889 | 11.818181818181818
constraint: 0.07969254668097667 | 0.09527925675297926
community: 4(321) | 6(176)

2598 | 5444|0
degree: 3 | 3
eff size: 2.0 | 2.0
constraint: 0.5555555555555556 | 0.5555555555555556
community: 16(80) | 16(80)

3303 | 8659|0
degree: 23 | 3
eff size: 20.84782608695652 | 2.0
constraint: 0.05157210797073139 | 0.5555555555555556
community: 13(93) | 13(93)

5463 | 6774|0
degree: 4 | 6
eff size: 3.0 | 4.5
constraint: 0.375 | 0.23043557838850437
community: 2(458) | 2(458)

4200 | 6467|-1
degree: 95 | 24
eff size: 75.18947368421051 | 19.458333333333332
constraint: 0.03277601829345763 | 0.06802266712543616
community: 12(115) | 3(447)

3305 | 6804|-1
degree: 10 | 1
eff size: 9.0 | -1
constraint: 0.12000000000000002 | 1.0
community: 2(458) | 2(458)

2548 | 10971|0
degree: 170 | 3
eff size: 142.9911764705882 | 1.0
constraint: 0.026737846433357998 | 0.5620429847380592
community: 3(447) | 3(447)

3354 | 2276|-1
degree: 7 | 4
eff size: 5.571428571428572 | -1
constraint: 0.19754827380535003 | 0.2604200995639609
community: 5(194) | 5(194)

4200 | 7078|-1
degree: 95 | 4
eff size: 75.18947368421051 | 2.5
constraint: 0.03277601829345763 | 0.257121271441795
community: 12(115) | 12(115)

10490 | 7212|-1
degree: 5 | 3
eff size: 5.0 | -1
constraint: 0.20000000000000004 | 0.3333333333333333
community: 1(482) | 1(482)

517 | 6710|-1
degree: 8 | 1
eff size: 6.75 | -1
constraint: 0.1575023525963743 | 1.0
community: 8(132) | 8(132)

701 | 3563|-1
degree: 743 | 8
eff size: 706.9273216689105 | 2.75
constraint: 0.012505038624604042 | 0.19940111074482758
community: 3(447) | 4(321)

2500 | 4730|-1
degree: 16 | 2
eff size: 13.5 | -1
constraint: 0.15790406869052373 | 0.5692163584183674
community: 11(120) | 11(120)

3292 | 6785|-1
degree: 6 | 4
eff size: 5.583333333333334 | 3.0
constraint: 0.19613301699315688 | 0.375
community: 2(458) | 2(458)

1 | 2933|0
degree: 219 | 8
eff size: 200.02511415525103 | 3.75
constraint: 0.028452652356739612 | 0.22304918934009707
community: 3(447) | 3(447)

2764 | 9265|-1
degree: 17 | 1
eff size: 16.205882352941178 | -1
constraint: 0.09284866452027432 | 1.0
community: 6(176) | 6(176)

7915 | 7353|-1
degree: 4 | 2
eff size: 4.0 | -1
constraint: 0.25 | 0.5
community: 1(482) | 1(482)

2548 | 7093|-1
degree: 170 | 2
eff size: 142.9911764705882 | -1
constraint: 0.026737846433357998 | 0.508134239064603
community: 3(447) | 3(447)

2548 | 7146|0
degree: 170 | 2
eff size: 142.9911764705882 | 1.0
constraint: 0.026737846433357998 | 1.0
community: 3(447) | 3(447)

6387 | 4454|-1
degree: 3 | 4
eff size: 3.0 | -1
constraint: 0.3333333333333333 | 0.25
community: 17(70) | 17(70)

237 | 1225|0
degree: 14 | 33
eff size: 7.285714285714287 | 27.57575757575757
constraint: 0.14816857777177078 | 0.05650643499448623
community: 5(194) | 5(194)

1755 | 3259|-1
degree: 91 | 4
eff size: 84.46703296703296 | -1
constraint: 0.018811078889205055 | 0.25515818281492
community: 2(458) | 4(321)

1326 | 10519|-1
degree: 9 | 2
eff size: 9.0 | -1
constraint: 0.1111111111111111 | 0.5
community: 7(138) | 7(138)

2914 | 3707|0
degree: 212 | 3
eff size: 115.6462264150943 | 1.0
constraint: 0.024917280456101108 | 0.5650321199407243
community: 4(321) | 4(321)

5650 | 10587|-1
degree: 22 | 1
eff size: 21.25 | -1
constraint: 0.06244042248559339 | 1.0
community: 14(86) | 14(86)

6793 | 6820|-1
degree: 5 | 1
eff size: 4.0 | -1
constraint: 0.28 | 1.0
community: 13(93) | 13(93)

2548 | 10737|-1
degree: 170 | 2
eff size: 142.9911764705882 | -1
constraint: 0.026737846433357998 | 0.5
community: 3(447) | 1(482)

2521 | 4724|-1
degree: 15 | 2
eff size: 11.733333333333334 | -1
constraint: 0.16820910279806806 | 0.5769248703412893
community: 11(120) | 11(120)

2118 | 8350|0
degree: 29 | 3
eff size: 21.75862068965517 | 1.1666666666666667
constraint: 0.05906293586889884 | 0.6092183394254341
community: 8(132) | 8(132)

3561 | 10989|-1
degree: 631 | 2
eff size: 585.4381933438965 | -1
constraint: 0.016187658484268733 | 0.502935004054313
community: 1(482) | 1(482)

4200 | 4436|-1
degree: 95 | 18
eff size: 75.18947368421051 | 7.694444444444445
constraint: 0.03277601829345763 | 0.11372992460716762
community: 12(115) | 7(138)

174 | 2493|-1
degree: 91 | 23
eff size: 51.0 | 22.76086956521739
constraint: 0.04332261515596675 | 0.04747432718913643
community: 4(321) | 15(85)

786 | 4000|0
degree: 17 | 82
eff size: 10.176470588235295 | 61.890243902439025
constraint: 0.11102398489887261 | 0.022856337808459973
community: 2(458) | 2(458)

4763 | 7714|-1
degree: 4 | 1
eff size: 3.5 | -1
constraint: 0.3337673611111111 | 1.0
community: 6(176) | 6(176)

701 | 10805|-1
degree: 743 | 1
eff size: 706.9273216689105 | -1
constraint: 0.012505038624604042 | 1.0
community: 3(447) | 3(447)

4200 | 4565|0
degree: 95 | 34
eff size: 75.18947368421051 | 16.058823529411764
constraint: 0.03277601829345763 | 0.07596002972866413
community: 12(115) | 3(447)

4200 | 10684|-1
degree: 95 | 2
eff size: 75.18947368421051 | -1
constraint: 0.03277601829345763 | 0.5
community: 12(115) | 7(138)

3246 | 3300|0
degree: 9 | 63
eff size: 4.388888888888889 | 39.50793650793651
constraint: 0.2094172608227097 | 0.037488817319707664
community: 13(93) | 2(458)

1239 | 5761|0
degree: 452 | 7
eff size: 415.25331858407054 | 3.8571428571428568
constraint: 0.02159936035538154 | 0.22593629430049383
community: 1(482) | 1(482)

1225 | 234|-1
degree: 33 | 1
eff size: 27.57575757575757 | -1
constraint: 0.05650643499448623 | 1.0
community: 5(194) | 5(194)

6597 | 10949|-1
degree: 5 | 2
eff size: 3.3 | -1
constraint: 0.25697373854023753 | 0.6111074183569583
community: 1(482) | 1(482)

2548 | 6641|-1
degree: 170 | 3
eff size: 142.9911764705882 | -1
constraint: 0.026737846433357998 | 0.34121896118018474
community: 3(447) | 3(447)

4200 | 4261|-1
degree: 95 | 3
eff size: 75.18947368421051 | -1
constraint: 0.03277601829345763 | 0.33865992247429655
community: 12(115) | 12(115)

2548 | 10925|-1
degree: 170 | 2
eff size: 142.9911764705882 | -1
constraint: 0.026737846433357998 | 0.5072646614708949
community: 3(447) | 3(447)

2548 | 3305|-1
degree: 170 | 10
eff size: 142.9911764705882 | 9.0
constraint: 0.026737846433357998 | 0.12000000000000002
community: 3(447) | 2(458)

5413 | 5683|0
degree: 112 | 45
eff size: 58.09375000000002 | 32.31111111111111
constraint: 0.030845330314790215 | 0.04467598401630111
community: 4(321) | 4(321)

6509 | 271|-1
degree: 10 | 3
eff size: 8.0 | -1
constraint: 0.14000000000000004 | 0.3333333333333333
community: 15(85) | 15(85)

3306 | 5627|-1
degree: 5 | 1
eff size: 3.6 | -1
constraint: 0.3136911060720585 | 1.0
community: 2(458) | 2(458)

4295 | 9264|-1
degree: 2 | 1
eff size: 2.0 | -1
constraint: 0.5 | 1.0
community: 1(482) | 1(482)

701 | 10487|-1
degree: 743 | 3
eff size: 706.9273216689105 | -1
constraint: 0.012505038624604042 | 0.3507584798386567
community: 3(447) | 4(321)

2041 | 10263|-1
degree: 57 | 3
eff size: 43.850877192982445 | -1
constraint: 0.04461475418570523 | 0.3333333333333333
community: 12(115) | 12(115)

5493 | 5382|-1
degree: 3 | 2
eff size: 2.5 | -1
constraint: 0.35074830021667563 | 0.5
community: 2(458) | 2(458)

5448 | 5442|-1
degree: 4 | 1
eff size: 3.25 | -1
constraint: 0.354375 | 1.0
community: 16(80) | 16(80)

6320 | 3344|-1
degree: 5 | 7
eff size: 3.4 | 4.714285714285714
constraint: 0.2905360195843168 | 0.22892667731869054
community: 2(458) | 2(458)

6509 | 10786|-1
degree: 10 | 1
eff size: 8.0 | -1
constraint: 0.14000000000000004 | 1.0
community: 15(85) | 15(85)

237 | 10797|-1
degree: 14 | 2
eff size: 7.285714285714287 | -1
constraint: 0.14816857777177078 | 0.5
community: 5(194) | 5(194)

1323 | 4373|-1
degree: 9 | 3
eff size: 7.722222222222222 | -1
constraint: 0.14388051779993172 | 0.3333333333333333
community: 7(138) | 7(138)

8517 | 8678|-1
degree: 5 | 1
eff size: 5.0 | -1
constraint: 0.20000000000000004 | 1.0
community: 2(458) | 2(458)

3915 | 10737|-1
degree: 25 | 2
eff size: 17.14 | -1
constraint: 0.08179190848220497 | 0.5
community: 1(482) | 1(482)

8584 | 8203|-1
degree: 5 | 2
eff size: 5.0 | -1
constraint: 0.20000000000000004 | 0.5
community: 23(9) | 23(9)

6427 | 10703|-1
degree: 9 | 1
eff size: 5.555555555555555 | -1
constraint: 0.22650341801856952 | 1.0
community: 2(458) | 2(458)

5666 | 7965|-1
degree: 3 | 1
eff size: 2.3333333333333335 | -1
constraint: 0.3441348208815268 | 1.0
community: 4(321) | 4(321)

816 | 10329|-1
degree: 19 | 2
eff size: 18.68421052631579 | -1
constraint: 0.06818094681248742 | 0.5
community: 15(85) | 15(85)

