10849| 2|-1
7719| 2|-1
6948| 3|-1
8505| 1|-1
8592| 2|-1
7965| 1|-1
10979| 2|-1
10951| 1|-1
7384| 3|-1
10813| 2|-1
6710| 1|-1
8047| 2|-1
10638| 1|-1
7777| 2|1.0
6103| 1|-1
10941| 1|-1
8353| 1|-1
10931| 2|-1
8609| 1|-1
7704| 2|-1
8071| 1|-1
8664| 1|-1
10925| 2|-1
10958| 2|-1
7627| 1|-1
10947| 1|-1
6921| 2|2.0
6504| 2|-1
10923| 1|-1
10848| 1|-1
4751| 1|-1
5113| 1|-1
10808| 1|-1
10975| 2|-1
10322| 1|-1
8584| 5|5.0
457| 1|-1
84| 1|-1
10967| 1|-1
3495| 2|-1
7617| 1|-1
7976| 1|-1
8520| 2|-1
10968| 1|-1
10879| 1|-1
10949| 2|-1
10954| 1|-1
10963| 1|-1
8415| 1|-1
9269| 1|-1
8025| 1|-1
8627| 2|-1
10526| 1|-1
10971| 3|1.0
8113| 1|-1
5421| 2|1.0
8612| 1|-1
10812| 1|-1
10805| 1|-1
8443| 2|-1
3707| 3|1.0
8532| 2|1.0
7646| 1|-1
7524| 2|-1
8659| 3|2.0
9265| 1|-1
8568| 1|-1
7331| 1|-1
8622| 2|-1
8311| 1|-1
10876| 3|2.0
8571| 2|-1
10933| 2|-1
4295| 2|2.0
10722| 1|-1
10726| 2|-1
8593| 1|-1
8642| 2|1.0
8274| 2|-1
4489| 1|-1
8660| 1|-1
2599| 2|2.0
8673| 1|-1
10909| 2|-1
7010| 1|-1
6906| 2|1.0
10939| 1|-1
6533| 1|-1
10984| 1|-1
8440| 1|-1
10685| 1|-1
1238| 1|-1
7715| 1|-1
10737| 2|-1
7584| 1|-1
238| 1|-1
8322| 3|2.5
10643| 1|-1
10952| 2|-1
10944| 1|-1
10899| 1|-1
7352| 2|1.0
8241| 1|-1
8678| 1|-1
689| 2|1.5
9261| 1|-1
6971| 1|-1
7936| 1|-1
8669| 1|-1
4555| 1|-1
10248| 2|-1
10587| 1|-1
10809| 1|-1
10637| 2|2.0
7610| 3|2.0
8215| 1|-1
5423| 2|-1
5624| 1|-1
10811| 1|-1
5813| 1|-1
7714| 1|-1
10989| 2|-1
5106| 1|-1
8667| 1|-1
8641| 1|-1
8108| 1|-1
7911| 2|1.0
8665| 1|-1
6768| 2|-1
10730| 1|-1
1456| 1|-1
8152| 1|-1
8620| 1|-1
10928| 1|-1
10818| 3|1.8333333333333335
6175| 1|-1
10406| 1|-1
3794| 1|-1
10786| 1|-1
374| 1|-1
8522| 2|-1
10966| 2|-1
8647| 3|3.0
10815| 1|-1
1690| 1|-1
10915| 1|-1
8656| 1|-1
9264| 1|-1
8110| 1|-1
10850| 1|-1
8601| 1|-1
3538| 2|2.0
8574| 2|-1
10307| 1|-1
8132| 2|-1
7659| 1|-1
10703| 1|-1
10557| 2|-1
10914| 2|-1
