8208| 1|-1
3421| 1|-1
10742| 1|-1
5618| 3|-1
7322| 1|-1
7433| 2|-1
3361| 1|-1
10951| 1|-1
3804| 8|8.0
11112| 1|-1
7981| 1|-1
4294| 1|-1
1458| 1|-1
10992| 1|-1
7640| 1|-1
11058| 2|2.0
11353| 1|-1
4643| 1|-1
75| 1|-1
8523| 1|-1
8908| 1|-1
7487| 1|-1
8645| 2|2.0
4553| 3|1.5
1207| 1|-1
10278| 3|-1
3569| 1|-1
6185| 1|-1
346| 1|-1
8464| 1|-1
11156| 1|-1
6292| 1|-1
3705| 1|-1
4630| 2|2.0
11402| 2|-1
4624| 1|-1
7941| 1|-1
6218| 4|1.375
11029| 1|-1
2745| 1|-1
11265| 1|-1
7101| 1|-1
488| 1|-1
6632| 1|-1
6340| 1|-1
1000| 1|-1
9409| 1|-1
