11640| 2|-1
9430| 2|-1
7118| 1|-1
8877| 1|-1
4849| 1|-1
11383| 2|-1
11466| 1|-1
11628| 1|-1
10489| 1|-1
11503| 1|-1
10851| 3|1.8333333333333335
9035| 2|2.0
11568| 2|-1
9352| 1|-1
8101| 1|-1
5184| 1|-1
188| 1|-1
11672| 1|-1
5180| 1|-1
9450| 1|-1
9044| 2|-1
11652| 2|-1
8822| 1|-1
9435| 1|-1
8674| 1|-1
7081| 2|1.0
9039| 1|-1
11534| 1|-1
7392| 2|-1
11678| 2|-1
11654| 2|-1
4592| 2|-1
11478| 1|-1
11570| 1|-1
11376| 1|-1
1482| 1|-1
7290| 2|-1
7738| 2|-1
6603| 1|-1
11690| 2|-1
11710| 1|-1
29| 2|1.0
7706| 2|1.0
9354| 1|-1
4284| 1|-1
11008| 1|-1
11611| 2|-1
11421| 2|-1
8982| 1|-1
11227| 2|-1
9007| 1|-1
11697| 1|-1
4| 1|-1
11667| 1|-1
9029| 2|-1
9292| 1|-1
10965| 2|1.0
11556| 2|-1
9322| 1|-1
6215| 1|-1
11363| 1|-1
8922| 2|-1
7334| 1|-1
9025| 2|-1
7974| 1|-1
11661| 2|-1
3293| 1|-1
7291| 2|-1
11657| 2|-1
9004| 2|-1
10704| 1|-1
40000| 1|-1
11609| 1|-1
10655| 1|-1
11500| 1|-1
8286| 2|-1
8799| 2|-1
11608| 1|-1
11656| 2|-1
11648| 1|-1
8930| 1|-1
11325| 2|-1
11559| 1|-1
11624| 1|-1
9055| 1|-1
11702| 2|-1
11167| 2|-1
11660| 1|-1
7294| 2|-1
9053| 1|-1
11639| 2|-1
8519| 1|-1
9426| 1|-1
7539| 3|2.0
6491| 1|-1
7222| 2|-1
8843| 2|-1
11721| 1|-1
11272| 2|-1
11490| 2|-1
11444| 1|-1
9429| 1|-1
9020| 1|-1
9041| 1|-1
7924| 1|-1
9321| 2|-1
8793| 1|-1
11680| 2|-1
10434| 1|-1
7300| 1|-1
7005| 1|-1
8126| 1|-1
9042| 2|-1
11594| 1|-1
5663| 1|-1
11713| 2|-1
6321| 2|-1
851| 4|4.0
8941| 2|1.25
11658| 1|-1
11671| 1|-1
10254| 2|-1
9415| 1|-1
818| 2|1.0
2629| 1|-1
11737| 1|-1
9353| 2|-1
9419| 1|-1
47| 1|-1
7292| 2|-1
9075| 1|-1
11409| 1|-1
11683| 2|-1
6565| 1|-1
9431| 1|-1
9034| 1|-1
11435| 2|-1
11618| 1|-1
11163| 2|-1
8230| 1|-1
8855| 1|-1
11573| 2|-1
9440| 1|-1
11614| 1|-1
9387| 2|1.0
12| 1|-1
11612| 1|-1
11235| 2|-1
1803| 3|1.5
10657| 1|-1
9030| 2|-1
7844| 2|-1
8978| 3|-1
9070| 2|2.0
11698| 1|-1
4807| 2|-1
11380| 1|-1
11526| 1|-1
9442| 1|-1
8633| 1|-1
6489| 1|-1
11643| 2|-1
11663| 1|-1
9015| 1|-1
11424| 2|-1
9005| 2|-1
11649| 1|-1
9016| 1|-1
9268| 2|-1
9443| 1|-1
