3053| 1|-1
7802| 1|-1
8916| 1|-1
8877| 1|-1
7774| 1|-1
11427| 1|-1
419| 1|-1
11241| 1|-1
8513| 2|2.0
4946| 1|-1
1663| 1|-1
7139| 2|-1
8641| 1|-1
2772| 1|-1
11289| 2|2.0
7222| 1|-1
6812| 1|-1
11107| 1|-1
3142| 1|-1
8230| 1|-1
8031| 1|-1
3306| 1|-1
8849| 1|-1
7236| 1|-1
7385| 1|-1
10807| 1|-1
8101| 1|-1
5632| 13|12.576923076923078
6739| 1|-1
6502| 4|2.125
4658| 1|-1
1699| 2|2.0
7005| 1|-1
8674| 1|-1
7304| 1|-1
5414| 1|-1
7946| 1|-1
2| 1|-1
4807| 1|-1
6712| 1|-1
8678| 1|-1
11391| 1|-1
2855| 1|-1
10387| 5|-1
9877| 1|-1
7382| 1|-1
7290| 1|-1
11212| 1|-1
1513| 1|-1
10655| 1|-1
8446| 2|1.0
5585| 4|2.375
488| 1|-1
