6958| 1|-1
10474| 1|-1
11524| 2|-1
11115| 2|2.0
8923| 2|-1
3868| 1|-1
11390| 1|-1
8878| 1|-1
7649| 1|-1
9320| 1|-1
11406| 1|-1
3866| 1|-1
8951| 1|-1
8938| 1|-1
8957| 2|-1
8961| 1|-1
11388| 9|3.8888888888888893
11426| 1|-1
11527| 2|-1
11529| 2|-1
10897| 1|-1
11512| 1|-1
7826| 1|-1
856| 2|2.0
11476| 1|-1
8945| 2|1.0
10503| 2|-1
8746| 2|-1
7914| 2|-1
11250| 1|-1
7682| 1|-1
1528| 1|-1
9412| 1|-1
7686| 2|-1
11494| 1|-1
10687| 2|-1
10864| 1|-1
11477| 2|-1
3873| 1|-1
1482| 1|-1
7710| 2|-1
3894| 1|-1
11453| 1|-1
11386| 1|-1
11530| 2|2.0
11541| 1|-1
10648| 2|-1
11307| 1|-1
11471| 1|-1
9409| 1|-1
8918| 3|-1
3886| 1|-1
8904| 1|-1
101| 2|2.0
7685| 3|3.0
11293| 2|-1
10911| 2|-1
11437| 1|-1
8942| 1|-1
8829| 2|-1
8946| 2|-1
4| 1|-1
7036| 1|-1
11305| 2|-1
11378| 1|-1
3870| 1|-1
8083| 1|-1
8873| 4|2.25
6492| 1|-1
8893| 3|1.0
11474| 1|-1
8839| 2|-1
8954| 1|-1
10901| 1|-1
8645| 2|2.0
8527| 1|-1
11122| 2|-1
8074| 2|-1
3892| 1|-1
3625| 1|-1
8914| 4|3.0
8959| 3|3.0
7877| 1|-1
3884| 1|-1
5731| 1|-1
11518| 1|-1
8758| 1|-1
11432| 1|-1
3871| 1|-1
5602| 1|-1
2825| 1|-1
7964| 2|-1
7762| 1|-1
11472| 2|-1
820| 1|-1
11525| 1|-1
8760| 2|-1
11498| 1|-1
11417| 1|-1
6862| 1|-1
11121| 1|-1
11507| 2|-1
3863| 1|-1
8943| 1|-1
7640| 1|-1
3865| 1|-1
9335| 2|-1
9386| 1|-1
7487| 1|-1
11520| 1|-1
11300| 2|-1
11317| 2|2.0
10930| 2|1.0
11431| 1|-1
4789| 1|-1
10500| 2|-1
8862| 2|-1
3861| 1|-1
11422| 5|5.0
851| 2|2.0
9381| 2|2.0
9346| 1|-1
8466| 1|-1
8826| 1|-1
11544| 1|-1
7925| 1|-1
8986| 1|-1
8856| 1|-1
11287| 1|-1
8903| 1|-1
7658| 1|-1
2629| 1|-1
47| 1|-1
8974| 3|2.0
11415| 1|-1
7292| 1|-1
8967| 1|-1
6615| 1|-1
11374| 1|-1
8983| 1|-1
8308| 5|4.0
11538| 1|-1
11323| 1|-1
10814| 2|2.0
4536| 1|-1
3211| 2|-1
8935| 2|2.0
8971| 3|2.0
9387| 1|-1
11306| 1|-1
11423| 4|4.0
8858| 2|1.0
11523| 2|-1
11385| 1|-1
8972| 1|-1
11449| 2|-1
11509| 1|-1
3867| 1|-1
10981| 2|-1
8708| 1|-1
8975| 1|-1
3869| 1|-1
8953| 2|-1
9288| 1|-1
11136| 1|-1
2019| 1|-1
3874| 1|-1
9318| 1|-1
1504| 1|-1
7471| 2|-1
1843| 1|-1
6831| 1|-1
3883| 1|-1
11489| 1|-1
11162| 1|-1
3859| 1|-1
