10891| 2|-1
1262| 1|-1
2598| 3|2.0
7802| 1|-1
5213| 1|-1
7740| 1|-1
8106| 1|-1
7594| 14|7.92857142857143
5209| 1|-1
6565| 1|-1
5491| 3|2.0
11112| 1|-1
3338| 1|-1
3964| 1|-1
2599| 2|2.0
6072| 2|2.0
3142| 1|-1
2655| 1|-1
10875| 1|-1
4189| 2|2.0
4002| 2|2.0
2544| 1|-1
636| 3|1.1666666666666667
5210| 1|-1
6707| 1|-1
100| 1|-1
6304| 1|-1
6806| 2|-1
5421| 2|1.0
4003| 2|2.0
3791| 2|-1
8975| 1|-1
3776| 2|-1
8527| 1|-1
5207| 1|-1
4546| 2|-1
290| 4|1.5
3761| 2|-1
10304| 1|-1
6478| 4|1.0
10415| 1|-1
4861| 1|-1
5582| 1|-1
7199| 1|-1
7966| 1|-1
5205| 1|-1
227| 1|-1
1804| 3|2.0
6441| 2|2.0
6925| 2|-1
2592| 2|-1
1839| 1|-1
400| 1|-1
10502| 1|-1
1908| 1|-1
11162| 1|-1
3548| 1|-1
6340| 1|-1
10447| 1|-1
7058| 2|-1
