1881| 1|-1
11006| 1|-1
1889| 4|-1
11042| 1|-1
3351| 1|-1
11047| 1|-1
4142| 2|-1
8825| 2|-1
11289| 2|2.0
10948| 1|-1
7961| 1|-1
5093| 2|-1
7309| 3|1.0
10555| 1|-1
11153| 1|-1
8785| 2|-1
11259| 2|-1
8178| 1|-1
1682| 1|-1
8353| 1|-1
11255| 2|-1
7826| 1|-1
146| 1|-1
11145| 1|-1
11196| 2|-1
11308| 1|-1
9301| 1|-1
11214| 2|-1
7542| 1|-1
11228| 1|-1
11265| 1|-1
10358| 1|-1
4733| 2|-1
8828| 1|-1
11260| 2|-1
9277| 1|-1
10777| 2|-1
11205| 3|-1
11082| 1|-1
10586| 2|-1
11298| 2|-1
8428| 2|-1
11067| 1|-1
8624| 2|1.0
8808| 1|-1
7287| 1|-1
10683| 1|-1
8537| 2|2.0
11311| 1|-1
9304| 1|-1
8129| 1|-1
8786| 1|-1
8802| 1|-1
8729| 1|-1
8817| 1|-1
11267| 2|-1
8795| 2|-1
10521| 2|-1
8776| 6|2.666666666666667
8846| 1|-1
10599| 1|-1
11281| 1|-1
10666| 3|2.0
8815| 1|-1
8657| 2|-1
8532| 1|-1
11270| 1|-1
11230| 2|-1
8780| 1|-1
11233| 2|-1
7049| 1|-1
4652| 3|2.0
7306| 1|-1
3274| 1|-1
7331| 1|-1
10829| 2|-1
11207| 3|2.0
2472| 1|-1
8705| 1|-1
11128| 1|-1
9310| 1|-1
10338| 1|-1
11302| 1|-1
11248| 2|-1
7755| 1|-1
6881| 3|2.0
11240| 1|-1
8823| 1|-1
11279| 1|-1
3494| 2|-1
7766| 2|-1
7640| 1|-1
10288| 1|-1
5264| 1|-1
8813| 2|-1
11253| 2|-1
284| 2|2.0
8860| 1|-1
7703| 1|-1
2| 1|-1
8427| 1|-1
8820| 2|-1
7701| 1|-1
1914| 2|1.0
7936| 1|-1
8701| 2|1.0
11263| 2|-1
10701| 1|-1
10822| 2|-1
7773| 1|-1
11215| 2|1.0
4432| 1|-1
8778| 1|-1
419| 3|1.1666666666666667
10921| 1|-1
5579| 1|-1
8812| 3|2.0
8652| 2|-1
11222| 2|-1
7579| 1|-1
3856| 3|2.0
8796| 1|-1
11252| 1|-1
11191| 2|-1
11303| 1|-1
11126| 2|-1
4807| 1|-1
7596| 4|3.0
11206| 1|-1
4810| 1|-1
7678| 1|-1
7880| 1|-1
10736| 1|-1
10469| 2|-1
4804| 1|-1
11280| 1|-1
