20050101:4:3
18560,1,19713,30596,26410,23531,14188,32557,6062,11598,10583,6296,10809,10266,11804,26366,10367
4551,8,7276,4557,302,3794,3634,1970
213,1467,13

20070101:2:24
8,19856,18,276,14373,302,17327,3634,1970,19509,4551,27594,5707,4557,16461,6481,30674,3794,26971,32093,30696,7276,25709,36859

20080101:2:2
131072,131074

20100101:2:56
14085,11015,8,16905,46094,19856,18,33683,276,22163,14104,33563,14373,1832,302,17327,13998,14382,1970,3634,31791,10421,26675,46258,23218,20162,36037,27594,5707,4557,16461,589,22864,13392,3794,30674,18515,40661,19927,36695,18777,11353,26971,46298,32093,30687,26468,18791,30696,14314,7276,25709,23030,36859,19708,11773

20110101:2:2
1,3705

20200101:2:2
1,137615
