22822 : LLNW, US
NA,NA,1,4,12,99,177,333,260,247,1510,247,249,281,230,228,239,251,260,383,469,512,503,500
NA,NA,10298,2005,869,151,107,74,102,118,9,131,158,176,238,265,289,294,285,312,293,307,328,316

7018 : ATT-INTERNET4, US
454,841,1244,1555,1731,1981,2052,2074,2125,2231,2311,2423,2464,2446,2461,2353,2432,2420,2408,2487,2532,2583,2580,2484
4,4,3,3,3,2,2,2,3,4,5,5,6,6,10,10,22,33,36,54,75,49,58,67

3561 : CENTURYLINK-LEGACY-SAVVIS, US
747,901,887,814,687,635,611,580,528,530,453,454,451,416,344,319,316,279,248,217,213,181,157,141
3,3,5,6,14,20,23,30,51,60,83,85,101,139,171,202,225,263,295,552,675,878,1088,1193

701 : UUNET, US
1514,2193,2620,2610,2413,2416,2446,2438,2888,2736,2102,1981,1934,1759,1627,1621,1379,1339,1255,1261,1417,1419,1465,1344
1,1,1,1,1,1,1,1,1,1,7,7,10,20,33,37,64,99,107,136,132,109,123,122

1239 : SPRINTLINK, US
798,1150,1526,1773,1791,1769,1786,1771,1721,1696,1440,1230,1075,926,823,738,664,555,478,434,420,434,2579,3376
2,2,2,2,2,3,3,4,5,8,13,23,37,55,87,125,146,165,184,279,323,350,59,39

6730 : SUNRISE, CH
38,168,179,230,792,312,1072,1158,1127,1036,1007,1135,846,298,297,1014,674,973,563,1095,524,914,144,141
79,32,41,44,9,57,8,8,11,20,29,27,50,167,191,74,145,123,164,148,268,162,1183,1194

13030 : INIT7, CH
NA,3,3,9,357,780,935,1250,223,1801,2108,1719,1934,1909,2007,1686,2008,1896,1887,1761,2070,1954,1950,1925
NA,1806,2240,929,30,12,11,7,120,6,6,9,11,12,23,34,32,47,74,99,93,78,91,88

267613 : ELETRONET S.A., BR
NA,NA,NA,NA,NA,NA,NA,NA,NA,NA,NA,NA,NA,NA,NA,NA,NA,NA,NA,290,5614,6194,5134,5132
NA,NA,NA,NA,NA,NA,NA,NA,NA,NA,NA,NA,NA,NA,NA,NA,NA,NA,NA,400,8,11,15,16

28186 : ITS TELECOMUNICACOES LTDA, BR
NA,NA,NA,NA,NA,NA,NA,NA,NA,1,3,27,13,43,56,69,62,87,106,4213,5622,1563,968,412
NA,NA,NA,NA,NA,NA,NA,NA,NA,25022,6650,1312,2943,1263,1267,1185,1519,1270,1032,13,7,101,173,387

61568 : ALOO TELECOM - FSF TECNOLOGIA SA, BR
NA,NA,NA,NA,NA,NA,NA,NA,NA,NA,NA,NA,NA,NA,NA,NA,77,99,121,110,196,332,8024,7901
NA,NA,NA,NA,NA,NA,NA,NA,NA,NA,NA,NA,NA,NA,NA,NA,1299,1082,806,1564,761,457,5,6

14840 : BR Digital, BR
NA,2,NA,NA,NA,2,2,4,4,2,5,18,472,656,823,1017,1445,1665,2294,2314,5522,8967,9554,759
NA,5913,NA,NA,NA,12683,14269,3635,3930,18917,4098,1933,98,99,88,73,55,79,57,65,10,3,2,214

1828 : UNITAS, US
NA,NA,NA,NA,NA,NA,NA,NA,NA,NA,NA,1,2,33,23,34,148,127,48,56,280,482,6231,8556
NA,NA,NA,NA,NA,NA,NA,NA,NA,NA,NA,34035,21144,1487,2489,2077,510,712,3024,2329,492,323,10,5

2548 : ALGX-ATCW-AS, US
270,439,219,265,206,NA,NA,NA,NA,NA,NA,NA,NA,NA,NA,NA,NA,NA,NA,NA,NA,NA,NA,NA
7,11,30,30,62,NA,NA,NA,NA,NA,NA,NA,NA,NA,NA,NA,NA,NA,NA,NA,NA,NA,NA,NA

49605 : DTS-AS DTS, IT
NA,NA,NA,NA,NA,NA,NA,NA,NA,NA,1,1,1,1,231,250,1242,3593,4148,4574,4891,777,2914,3021
NA,NA,NA,NA,NA,NA,NA,NA,NA,NA,24033,26242,28542,30382,237,243,78,10,8,10,15,197,46,46

5378 : Vodafone, GB
235,243,88,62,40,50,4,2,NA,NA,NA,NA,NA,NA,NA,NA,NA,3,11,11,9,15,33,37
10,20,73,134,301,310,2976,6601,NA,NA,NA,NA,NA,NA,NA,NA,NA,12570,6423,7411,8994,7784,4345,3780

36351 : SOFTLAYER, US
NA,NA,NA,NA,NA,NA,NA,5,6,10,31,65,144,927,2011,2046,2820,3011,5052,3415,5525,6373,4635,4797
NA,NA,NA,NA,NA,NA,NA,3170,3086,2234,1029,559,275,54,22,18,13,20,5,28,9,10,18,20

9002 : RETN-AS, GB
NA,NA,NA,NA,NA,NA,NA,NA,NA,1938,2757,3359,4124,2593,3315,3729,3646,3154,2045,2003,2040,2028,2072,2558
NA,NA,NA,NA,NA,NA,NA,NA,NA,5,1,1,1,5,5,5,7,15,69,86,95,74,86,65

1 : LVLT-1, US
440,596,605,663,161,8,3,1,NA,NA,3,2,11,12,14,9,17,7,17,19,14,16,20,35
5,7,11,9,70,1387,3694,24088,NA,NA,8803,9996,3244,3428,3523,4756,4043,7204,5093,5659,7194,7476,6789,4034

4323 : CENTURYLINK-LEGACY-TWTC, US
25,69,183,312,434,545,834,959,1165,1307,1433,1395,1523,1667,1813,1980,1921,82,4053,3997,3279,8,31,3
123,76,39,22,24,24,14,11,10,13,15,19,20,23,28,22,37,1370,9,17,39,10138,4699,17720

31500 : GLOBALNET-AS, AG
NA,NA,NA,NA,NA,1,8,10,61,122,1281,1514,1718,171,2798,2363,243,276,259,1200,1771,2066,1912,2801
NA,NA,NA,NA,NA,14706,1712,1640,469,239,19,14,15,271,7,9,286,267,288,141,112,72,92,51

25227 : ASN-AVANTEL-MSK Located in Moscow, Russia., RU
NA,NA,NA,2,2,2,4,5,4,4,4,6,12,29,38,69,54,996,4037,1048,1036,99,58,54
NA,NA,NA,7256,7601,8686,2984,2772,3905,4951,5457,4377,3229,1757,1831,1189,1648,119,10,149,156,1651,2616,2694

8220 : COLT COLT Technology Services Group Limited, GB
25,54,103,229,977,1022,1133,653,599,614,599,903,712,847,708,713,3155,3704,3564,5428,3015,3673,3615,3225
125,96,66,45,6,8,7,24,38,47,58,37,68,68,119,129,9,7,14,5,45,26,32,41

28260 : ALTA REDE CORPORATE NETWORK TELECOM LTDA - EPP, BR
NA,NA,NA,NA,NA,NA,NA,NA,NA,1,2,1,1,4,11,3,25,81,134,4772,3056,245,115,129
NA,NA,NA,NA,NA,NA,NA,NA,NA,28075,9445,32760,29035,7113,4098,10426,3209,1403,673,9,42,633,1511,1321

43531 : IXREACH, FR
NA,NA,NA,NA,NA,NA,NA,NA,NA,3,2,34,83,1124,1104,1206,3390,4265,2165,1837,2955,2495,2336,126
NA,NA,NA,NA,NA,NA,NA,NA,NA,5979,20808,1097,521,38,56,57,8,5,66,95,48,54,74,1382

39120 : CONVERGENZE-AS ISP services in Italy, IT
NA,NA,NA,NA,NA,NA,1,2,2,7,8,6,57,68,88,113,138,142,166,240,7563,6407,5977,6163
NA,NA,NA,NA,NA,NA,20792,10496,11422,2853,2887,4063,889,894,800,597,569,569,470,488,5,8,11,12

293 : ESNET, US
243,214,224,197,188,198,200,221,235,100,283,305,309,303,306,297,291,285,277,301,284,507,523,486
9,23,28,51,63,83,96,103,112,289,110,108,137,164,188,216,241,258,270,386,481,308,320,321

39792 : NICOLASCHEVRIER-AS, FR
NA,NA,NA,NA,NA,NA,NA,11,529,1229,1368,1930,1871,1954,2115,2039,1856,85,1,NA,NA,12,9,2
NA,NA,NA,NA,NA,NA,NA,1520,50,14,16,8,12,11,18,19,39,1313,55595,NA,NA,8733,10413,32133

6461 : ZAYO-6461, US
130,615,835,736,749,816,923,979,1024,1094,1021,1034,1147,1241,1371,1477,1652,1740,1867,2059,2281,2384,2576,2653
21,6,6,8,10,11,12,10,14,17,28,30,34,34,42,43,49,58,75,84,86,60,60,59

13237 : LAMBDANET-AS European Backbone of AS13237, DE
NA,2,28,600,735,714,765,795,848,834,825,751,1984,2138,2153,2294,2216,3104,3228,3752,3991,3447,4217,4711
NA,4910,245,14,11,17,17,18,22,29,36,46,8,7,14,13,25,16,22,19,24,32,22,22

60501 : SIRIUSTEC-, IT
NA,NA,NA,NA,NA,NA,NA,NA,NA,NA,NA,NA,NA,NA,NA,3,31,27,145,5294,8939,6957,7291,2064
NA,NA,NA,NA,NA,NA,NA,NA,NA,NA,NA,NA,NA,NA,NA,11000,2773,3650,579,6,2,6,7,83

6939 : HURRICANE, US
13,37,58,71,417,738,921,985,1433,1764,2451,2878,3863,5048,6216,6627,7842,11417,12534,13399,14681,15930,16867,17395
239,153,113,109,25,16,13,9,6,7,4,4,2,1,1,1,1,1,1,1,1,1,1,1

48166 : FORTEX-AS, RU
NA,NA,NA,NA,NA,NA,NA,NA,NA,1,18,26,27,1303,2890,2304,2909,96,102,166,125,94,92,71
NA,NA,NA,NA,NA,NA,NA,NA,NA,30513,1635,1384,1554,32,6,11,11,1109,1087,863,1381,1744,1944,2265

5580 : GTT-ASIA, NL
2,NA,NA,NA,NA,NA,NA,NA,NA,NA,540,170,999,1977,1536,1315,1428,1765,159,2613,63,56,42,49
1790,NA,NA,NA,NA,NA,NA,NA,NA,NA,67,194,42,9,36,51,58,52,499,48,3111,2527,3407,2917

8359 : MTS, RU
7,9,11,11,11,16,22,83,796,1037,1322,1692,1776,1961,2176,2380,1140,1072,1570,1354,867,1997,1811,2007
428,610,638,801,916,843,785,266,24,19,18,10,14,10,13,8,95,112,91,127,176,75,101,87

3549 : LVLT-3549, US
156,590,681,764,725,698,771,935,1122,1343,1440,1574,1644,2656,6004,4306,6170,2827,2656,2629,2331,5930,1502,1149
16,9,8,7,12,18,16,12,12,11,14,12,16,4,2,3,2,24,29,47,84,12,118,145

25462 : RETN-UA-AS, GB
NA,NA,NA,NA,15,252,187,918,1174,NA,1,1,1,1,1,1,1,1,1,1,1,1,1,1
NA,NA,NA,NA,729,68,102,14,9,NA,27730,30117,32703,34806,37146,37278,41520,43912,46310,48573,50951,53127,54461,50824

3303 : SWISSCOM Swisscom Switzerland Ltd, CH
42,96,272,152,819,1025,1051,629,749,844,938,1161,1081,970,860,943,735,739,803,1216,1658,1832,2092,2435
69,55,21,61,8,7,9,26,26,28,30,25,36,51,83,84,136,144,141,139,121,89,84,68

174 : COGENT-174, US
104,243,170,68,86,1157,1691,1930,2136,2462,2601,3070,3475,3861,4282,4381,4821,5171,5403,5792,6165,6381,6650,6746
24,19,44,115,123,5,4,3,2,2,3,2,3,2,3,2,4,3,3,3,6,9,8,8

24482 : SGGS-AS-AP SG.GS, SG
NA,NA,NA,NA,NA,NA,1,1,1,1,1,2,12,11,153,196,5400,6122,6829,7562,8085,8779,9131,9126
NA,NA,NA,NA,NA,NA,19430,21460,23626,26239,28204,16741,3133,3693,360,308,3,2,2,2,4,4,4,3

34224 : NETERRA-AS, BG
NA,NA,NA,NA,NA,5,18,39,114,130,151,196,214,246,250,262,292,3653,3265,4568,4731,3566,3369,4938
NA,NA,NA,NA,NA,2223,897,612,233,221,205,166,180,189,225,234,240,9,21,11,16,28,37,19

4513 : INTERNAP-4513, US
40,110,1074,862,143,1006,994,339,298,8,NA,NA,NA,NA,NA,NA,NA,NA,NA,NA,NA,NA,NA,NA
73,45,4,5,77,9,10,70,93,2703,NA,NA,NA,NA,NA,NA,NA,NA,NA,NA,NA,NA,NA,NA

137409 : GSLNETWORKS-AS-AP GSL Networks Pty LTD, AU
NA,NA,NA,NA,NA,NA,NA,NA,NA,NA,NA,NA,NA,NA,NA,NA,NA,NA,NA,9,71,529,2955,6816
NA,NA,NA,NA,NA,NA,NA,NA,NA,NA,NA,NA,NA,NA,NA,NA,NA,NA,NA,8325,2386,295,45,7

3356 : LEVEL3, US
132,360,393,617,1049,1289,1317,1386,1792,2234,2685,2929,3271,3561,4003,4100,4385,4729,5053,5209,5471,5893,6450,6512
20,12,15,12,5,4,5,5,4,3,2,3,4,3,4,4,5,4,4,7,11,13,9,10

20485 : TRANSTELECOM Moscow, Russia, RU
NA,NA,21,68,98,153,401,510,606,465,471,461,897,1763,1989,2841,3831,2940,1912,2850,2201,2360,1909,2332
NA,NA,334,118,106,100,49,39,35,75,80,84,47,19,24,6,6,22,72,42,88,61,93,74

12989 : STACKPATH, US
NA,1,1,NA,34,49,96,566,872,988,1090,389,1587,1855,2473,1974,2886,534,1457,392,411,132,75,58
NA,7301,9493,NA,365,312,191,32,20,23,24,96,19,15,9,23,12,167,102,303,334,1193,2183,2571

58511 : ANYCAST-GLOBAL-BACKBONE Anycast Global Backbone, AU
NA,NA,NA,NA,NA,NA,NA,NA,NA,NA,NA,NA,NA,1,15,446,2794,4021,4734,4814,5357,5511,5628,6599
NA,NA,NA,NA,NA,NA,NA,NA,NA,NA,NA,NA,NA,31665,3460,167,15,6,6,8,13,14,12,9

8492 : OBIT-AS OBIT Ltd., RU
NA,NA,NA,NA,NA,NA,5,4,52,705,1459,1612,1945,1862,2559,2023,2814,3002,4213,3314,3420,3548,2051,1812
NA,NA,NA,NA,NA,NA,2799,3723,567,36,11,11,9,14,8,21,14,21,7,30,36,29,87,93

4589 : EASYNET Easynet Global Services, EU
4,NA,62,144,962,764,191,574,1291,1322,1366,1322,1231,1236,1247,1278,1186,1081,855,13,10,6,6,3
913,NA,103,65,7,13,100,31,8,12,17,20,29,35,47,54,91,111,135,6979,8676,11526,12364,18521

12389 : ROSTELECOM-AS, RU
NA,NA,NA,NA,NA,NA,5,66,169,888,1676,816,614,789,778,669,745,1072,1251,1432,1357,1380,2452,1388
NA,NA,NA,NA,NA,NA,2543,333,156,27,8,40,85,76,95,136,133,113,109,124,136,113,67,118

51185 : ONECOM-AS, GB
NA,NA,NA,NA,NA,NA,NA,NA,NA,NA,NA,105,152,164,1055,1144,1643,1470,3285,5462,8597,9011,9283,9127
NA,NA,NA,NA,NA,NA,NA,NA,NA,NA,NA,326,259,289,60,64,50,92,20,4,3,2,3,2

34695 : E4A-AS, GB
NA,NA,NA,NA,NA,NA,3,3,3,633,1455,2169,2770,155,119,149,180,125,160,209,50,68,64,54
NA,NA,NA,NA,NA,NA,4964,6505,6748,44,12,6,5,304,497,404,393,743,491,594,3632,2213,2405,2732

39533 : ASYMPTO, HU
NA,NA,NA,NA,NA,NA,NA,1,1,NA,1,1,1,1,1,1,NA,NA,NA,NA,1086,7359,1243,52
NA,NA,NA,NA,NA,NA,NA,24173,26924,NA,32391,35164,38205,40783,43311,43213,NA,NA,NA,NA,150,5,139,2798

3257 : GTT-BACKBONE GTT, US
66,629,657,605,467,395,349,418,519,576,708,797,909,999,1013,1100,1441,1440,1631,1686,2055,2048,2226,3269
39,5,9,13,17,41,58,58,54,56,40,41,46,47,66,68,57,94,86,107,94,73,79,40

19151 : BBO-1, US
NA,1,1,34,54,92,165,787,850,1625,1267,1473,2112,2085,2064,1795,1936,643,622,775,813,797,800,918
NA,8264,11001,243,197,169,112,19,21,9,20,16,7,8,19,31,36,155,158,174,185,192,212,177

199524 : GCORE, LU
NA,NA,NA,NA,NA,NA,NA,NA,NA,NA,NA,NA,NA,NA,157,156,172,182,239,387,534,6849,7539,6044
NA,NA,NA,NA,NA,NA,NA,NA,NA,NA,NA,NA,NA,NA,349,376,419,398,308,309,263,7,6,13

35280 : F5, FR
NA,NA,NA,NA,NA,NA,NA,NA,NA,NA,NA,NA,NA,NA,NA,NA,24,40,78,475,1517,1675,1864,8624
NA,NA,NA,NA,NA,NA,NA,NA,NA,NA,NA,NA,NA,NA,NA,NA,3335,2909,1582,261,127,96,98,4

25091 : IP-MAX, CH
NA,NA,NA,1,NA,1,9,21,42,47,74,219,190,528,2124,2661,3010,3671,3889,4189,4351,4636,4939,5062
NA,NA,NA,12733,NA,18511,1512,922,685,706,465,154,201,119,16,7,10,8,12,14,21,16,16,18

702 : UUNET, US
150,341,648,637,598,661,622,629,636,628,585,512,509,465,407,384,384,364,323,318,297,291,290,283
18,14,10,10,15,19,22,27,30,45,61,82,95,127,157,184,193,219,237,370,464,526,564,584

209 : CENTURYLINK-US-LEGACY-QWEST, US
252,592,777,907,1087,1155,1202,1339,1370,1490,1498,1480,1485,1499,1586,1642,1778,1930,1956,1961,1861,1634,1420,1199
8,8,7,4,4,6,6,6,7,10,10,15,22,26,34,35,43,45,70,88,105,99,126,136

2914 : NTT-LTD-2914, US
392,450,555,622,710,848,611,667,736,753,735,758,860,981,1195,1290,1392,1644,1762,1849,1798,1767,1670,1630
6,10,12,11,13,10,24,22,27,35,37,45,48,50,49,53,62,83,78,94,109,93,108,101

