9814 : FIBRLINK Beijing FibrLINK Networks Co.,Ltd., CN
NA,NA,1,2,2,3,4,4,4,4,4,4,4,5,5,7,5,5,4,4,4,5,7,5
NA,NA,10734,8807,9538,5001,3181,3596,4139,4689,5127,5755,6487,6118,7292,5809,8605,9212,12596,13834,14247,12828,11625,13388

22504 : LORETTOCOMM, US
NA,NA,2,2,2,3,2,1,1,1,1,NA,2,2,2,2,2,2,2,2,2,2,2,2
NA,NA,4297,4809,5007,4060,13073,20099,22085,24513,26415,NA,23672,25228,27601,27868,30688,32312,34356,35911,37619,39408,40185,28883

2752 : THOMSONCA-AS, US
3,5,4,2,2,3,3,3,2,2,NA,NA,NA,NA,NA,NA,NA,NA,NA,NA,NA,NA,NA,NA
1621,1187,1580,5001,5344,4123,4733,5382,9403,9764,NA,NA,NA,NA,NA,NA,NA,NA,NA,NA,NA,NA,NA,NA

30722 : VODAFONE-IT-ASN, IT
NA,NA,NA,NA,NA,4,6,4,6,16,4,1,1,1,4,6,8,11,18,40,61,74,77,81
NA,NA,NA,NA,NA,2680,2158,4095,2881,1655,4974,35219,38262,30134,8635,6166,6034,5822,5003,3801,3223,2105,2144,2086

24641 : FASTER-AS, CZ
NA,NA,NA,3,2,3,2,3,3,4,5,5,5,4,5,5,10,6,13,22,30,37,65,66
NA,NA,NA,3530,11285,3881,6228,5047,5718,4257,3977,5033,5799,7555,7366,7295,5509,8335,5872,5414,5009,3527,2388,2364

61228 : 64b22a8bb6ab181373c78aa1d1d42cd07844d95e, US
NA,NA,NA,NA,NA,NA,NA,NA,NA,NA,NA,NA,NA,NA,3,3,5,16,20,23,23,22,NA,1
NA,NA,NA,NA,NA,NA,NA,NA,NA,NA,NA,NA,NA,NA,14389,14444,9315,5005,4786,5314,5842,6140,NA,58701

22413 : EMPOWER, US
NA,NA,NA,2,2,2,1,1,1,2,2,2,2,2,2,2,2,2,NA,1,1,23,20,22
NA,NA,NA,8507,5002,5973,15108,16701,18603,10091,10749,11979,13314,14554,17032,17156,26785,28229,NA,63445,44052,5675,7037,6009

52813 : -Reserved AS-, ZZ
NA,NA,NA,NA,NA,NA,NA,NA,NA,NA,NA,NA,NA,1,8,9,9,56,55,4,4,4,19,1
NA,NA,NA,NA,NA,NA,NA,NA,NA,NA,NA,NA,NA,39734,5003,4868,5683,2188,2532,12833,13509,14217,7202,56733

39764 : DOLPHIN, CH
NA,NA,NA,NA,NA,NA,NA,5,3,4,4,4,6,4,6,2,14,22,20,26,31,35,43,33
NA,NA,NA,NA,NA,NA,NA,3055,5611,4404,5198,5834,4985,7250,6340,24613,4552,4110,4770,5004,4867,3690,3314,4322

197965 : AHD-AS, DE
NA,NA,NA,NA,NA,NA,NA,NA,NA,NA,NA,NA,NA,2,2,3,6,16,16,26,95,83,87,88
NA,NA,NA,NA,NA,NA,NA,NA,NA,NA,NA,NA,NA,17758,20069,13482,7232,4891,5353,5001,1874,1964,2011,1998

19332 : Marcatel Com, S.A. de C.V., MX
NA,NA,4,3,3,4,3,4,6,5,5,7,7,8,10,11,11,15,16,21,21,26,28,33
NA,NA,1813,2756,3018,2794,4174,3694,2927,3563,3968,3644,4314,4291,4415,4417,5188,5095,5347,5481,5971,5003,5171,4242

37515 : iCONNECT, ZA
NA,NA,NA,NA,NA,NA,NA,NA,NA,NA,NA,NA,NA,NA,NA,1,7,12,13,37,30,1,1,3
NA,NA,NA,NA,NA,NA,NA,NA,NA,NA,NA,NA,NA,NA,NA,43704,6769,5679,5993,4041,5010,62372,64100,17939

23342 : UNITEDLAYER, US
NA,NA,NA,4,8,19,49,39,64,61,77,89,95,15,18,21,23,22,18,11,9,8,9,9
NA,NA,NA,1968,1192,754,396,625,432,539,437,374,424,2982,3068,2911,3365,4103,5004,7479,9001,10079,10306,10305

23317 : WHITMANCOLLEGE, US
NA,NA,NA,NA,NA,3,1,1,1,1,2,2,2,2,1,1,1,1,1,1,2,1,1,1
NA,NA,NA,NA,NA,5003,20994,23449,23919,26548,20036,21841,23635,25189,38150,38259,42703,45159,47636,49924,25637,57421,59049,50434

52750 : Fundacao Centros de Ref. em Tecnologias Inovadoras, BR
NA,NA,NA,NA,NA,NA,NA,NA,NA,NA,NA,NA,NA,1,8,7,5,6,4,4,4,4,4,2
NA,NA,NA,NA,NA,NA,NA,NA,NA,NA,NA,NA,NA,33973,5001,5671,8246,8023,11737,12832,13507,14216,15901,34882

262732 : Sygo Internet, BR
NA,NA,NA,NA,NA,NA,NA,NA,NA,NA,NA,1,1,1,8,42,42,53,10,20,78,49,39,13
NA,NA,NA,NA,NA,NA,NA,NA,NA,NA,NA,29387,31921,33995,5008,1889,2296,2532,6786,5615,2166,2779,3675,8754

45588 : BTCL-ISP-AS Bangladesh Telecommunications Company Limited BTCL, Nationwide PSTN Operator and Data and Internet Service Provider., BD
NA,NA,NA,NA,NA,NA,NA,NA,NA,NA,NA,2,9,10,7,5,19,16,22,21,20,30,25,21
NA,NA,NA,NA,NA,NA,NA,NA,NA,NA,NA,10489,3932,3972,5744,7522,3895,5001,4540,5547,6232,4493,5849,6185

8612 : TISCALI-, IT
3,2,2,3,2,NA,NA,NA,1,1,1,7,15,18,22,52,64,65,61,75,71,78,89,82
1262,5006,6475,2615,4322,NA,NA,NA,20015,22235,23950,3780,2706,2616,2670,1706,1498,1763,1986,1937,2379,2034,1984,2076

17787 : PSEB-AS-PK Pakistan Software Export Board, PK
NA,NA,1,2,3,3,4,3,3,2,3,3,3,3,3,2,3,3,3,3,2,2,2,2
NA,NA,11077,4228,3175,3855,3267,5003,5662,8927,6904,7702,8611,9369,11947,29149,13523,13496,15920,17203,39327,41134,41975,27970

21430 : WIA-AS, CZ
NA,NA,1,2,1,4,5,4,4,9,12,8,18,19,19,18,11,20,18,34,44,54,65,62
NA,NA,12432,10055,15814,2699,2407,3477,4203,2507,2220,3411,2336,2411,2908,3249,5106,4348,5010,4278,3923,2587,2373,2472

16652 : RISEUP, US
NA,1,NA,NA,NA,NA,NA,NA,1,1,NA,NA,NA,2,2,1,20,18,14,22,30,26,33,39
NA,6701,NA,NA,NA,NA,NA,NA,24034,26683,NA,NA,NA,13430,15852,31088,3663,4566,5656,5325,4938,5002,4309,3625

9129 : KE-NET2000, ZA
NA,NA,2,2,3,3,5,7,11,12,5,9,11,16,15,13,20,17,15,15,10,12,12,14
NA,NA,8098,9980,4132,5008,2375,2101,1739,1968,4245,3053,3254,2779,3396,4014,3733,4820,5591,6509,8717,8683,9345,8432

23521 : BSERV-1-AS-23521, US
NA,NA,NA,NA,NA,NA,NA,NA,NA,4,4,4,5,5,5,5,6,4,4,3,3,2,1,1
NA,NA,NA,NA,NA,NA,NA,NA,NA,5008,5522,6200,5838,6451,7708,7864,7424,11876,13873,20116,21117,35969,62740,50477

3364 : CSDCO-AS, US
2,2,2,2,2,2,2,2,2,2,2,2,3,2,2,2,3,3,3,3,3,3,4,3
2942,3550,4433,5007,5352,6408,7473,8379,9410,10603,11270,12499,9341,15061,17564,17692,14305,14401,16870,18183,19001,19631,16661,19878

27401 : KROLL-EP, US
NA,NA,NA,NA,2,2,2,2,3,2,2,2,2,2,2,2,2,3,4,4,4,3,2,3
NA,NA,NA,NA,7386,8419,9445,10242,5007,12302,12880,12075,13399,14638,17110,17248,19600,14522,11532,12623,13350,19738,30895,21005

25582 : ASN-LINIX, GB
NA,NA,NA,NA,1,1,1,2,2,2,4,4,5,5,5,3,2,2,2,2,1,2,2,2
NA,NA,NA,NA,14569,16704,16683,6678,13028,14405,5009,5645,5274,5763,6707,10224,21125,21981,24372,25962,60959,25142,33731,29402

35224 : PLINQ, NL
NA,NA,NA,NA,NA,NA,4,3,2,3,3,2,2,2,15,11,28,30,3,3,37,26,40,40
NA,NA,NA,NA,NA,NA,3236,6279,15142,8039,8503,23140,25057,26673,3412,4313,2929,3374,16590,17943,4348,5008,3555,3526

16693 : AS-MIKES-HARD, US
NA,2,2,2,1,1,NA,NA,NA,NA,NA,NA,NA,NA,NA,1,1,1,1,1,1,2,4,4
NA,4216,5002,5490,15956,13140,NA,NA,NA,NA,NA,NA,NA,NA,NA,43626,49078,51821,54541,58833,61574,35873,16921,16509

61805 : Emex Internet, BR
NA,NA,NA,NA,NA,NA,NA,NA,NA,NA,NA,NA,NA,NA,NA,NA,NA,1,54,45,67,26,29,111
NA,NA,NA,NA,NA,NA,NA,NA,NA,NA,NA,NA,NA,NA,NA,NA,NA,49836,2691,3227,2786,5150,5009,1645

2897 : GEORGIA-1, US
1,2,2,2,2,2,1,1,1,1,1,1,1,1,2,1,1,2,2,2,2,2,2,2
5029,5144,6626,5004,5347,6403,17600,19384,21379,23784,25671,28552,31084,33080,14963,35682,39687,33793,35847,37508,39267,41070,41903,26081

58750 : LOGICPLUS-AS-AP Logic Plus, AU
NA,NA,NA,NA,NA,NA,NA,NA,NA,NA,NA,NA,NA,NA,2,2,2,3,2,14,14,25,29,10
NA,NA,NA,NA,NA,NA,NA,NA,NA,NA,NA,NA,NA,NA,22690,22823,25128,15986,31935,6754,7380,5311,5006,10045

9905 : LINKNET-ID-AP Linknet ASN, ID
NA,3,1,2,1,3,4,5,3,5,4,9,10,13,16,36,23,24,30,26,141,41,52,53
NA,2729,12003,9822,15354,3799,3340,2927,5280,3862,5338,3267,3662,3403,3376,2032,3422,3955,3835,5007,1208,3253,2874,2743

53046 : UNIVERSIDADE ESTADUAL DE PONTA GROSSA, BR
NA,NA,NA,NA,NA,NA,NA,NA,NA,NA,NA,NA,2,7,2,16,4,4,6,2,2,7,7,6
NA,NA,NA,NA,NA,NA,NA,NA,NA,NA,NA,NA,23533,5002,27428,3556,10947,10944,9470,35671,37383,11023,11780,12239

12334 : Galicia - Spain, ES
1,2,3,4,4,3,3,2,3,2,2,5,3,8,6,5,7,7,7,8,7,7,7,7
6364,5010,2937,2231,2548,4631,4515,7124,5788,9149,9730,4512,8852,4274,5851,6818,6433,7224,8033,8489,9893,10580,11331,11209

12066 : ALTICE DOMINICANA S.A., DO
1,3,4,1,2,2,3,3,5,6,5,6,7,7,9,6,9,10,10,9,6,1,4,4
6493,2697,1959,11020,6983,8049,5006,5677,3616,3175,4219,4107,4298,4675,4540,6051,5581,6041,6679,8162,11204,59604,15447,15307

12138 : TAX-AIR, US
NA,2,2,2,3,3,3,2,2,2,2,2,2,2,NA,1,2,2,2,2,2,2,1,1
NA,3882,4718,6741,3684,4393,5007,7663,8686,9835,10510,11756,13114,14356,NA,38083,30459,32054,34086,35636,37343,39126,62036,48354

394659 : SNAP, US
NA,NA,NA,NA,NA,NA,NA,NA,NA,NA,NA,NA,NA,NA,NA,NA,NA,20,23,26,25,25,5,NA
NA,NA,NA,NA,NA,NA,NA,NA,NA,NA,NA,NA,NA,NA,NA,NA,NA,4408,4424,5008,5601,5360,13998,NA

35181 : PWC, KW
NA,NA,NA,NA,NA,NA,2,3,2,5,5,5,6,4,5,4,5,8,7,9,8,8,9,3
NA,NA,NA,NA,NA,NA,12576,6262,17949,3991,4403,5002,4772,7819,7756,9295,9140,6838,8668,8154,9840,10554,10662,21376

42963 : BPP-AS, PL
NA,NA,NA,NA,NA,NA,NA,NA,1,2,2,4,6,4,6,5,5,7,7,6,5,13,5,3
NA,NA,NA,NA,NA,NA,NA,NA,24381,19219,20437,6660,5006,7288,5987,7329,8720,7429,8269,10309,12321,8431,13954,21711

26850 : ENPROINDUSTRIES, US
NA,NA,NA,NA,2,2,2,2,3,2,2,2,2,2,2,2,1,1,2,2,2,1,NA,NA
NA,NA,NA,NA,5146,6109,9421,10220,5006,12287,12866,14007,15214,16251,18594,22425,51574,45175,31339,32761,34413,54470,NA,NA

16719 : NASD, US
NA,2,2,2,2,2,2,2,2,2,2,2,5,3,5,3,3,3,3,3,3,3,4,4
NA,4221,5010,5494,5751,6754,11219,12140,13337,14801,15611,10944,5828,11061,7155,13114,15367,13948,16430,17802,18532,19158,16413,16510

20842 : FORMULAPLUS-AS Novorossiysk, Russia, RU
NA,NA,3,3,3,3,4,4,2,4,3,4,4,4,5,4,3,3,3,2,3,3,3,3
NA,NA,3360,3836,4182,5009,3690,4207,17936,4930,6918,6095,6804,7365,7473,8665,13560,13529,15951,37946,17687,18174,18895,18571

8787 : AMARISTECH, AT
1,2,7,7,NA,1,1,1,1,1,2,2,2,2,2,2,3,3,3,3,2,2,2,1
4902,5007,990,1165,NA,16710,18735,20631,22668,25179,9683,10793,12026,13297,15727,15841,13894,13891,16371,17743,27590,29210,29484,47836

15744 : SILWEB-AS-COM SILWEB Autonomous System - Commercial, PL
NA,1,1,1,3,3,8,13,17,14,16,19,18,14,12,13,12,13,14,16,14,11,11,12
NA,9335,11713,13322,3091,3736,1766,1366,1289,1833,1832,1898,2426,3230,4007,4068,5010,5486,5811,6302,7411,9080,9781,9069

16246 : AS16246 NEJ.cz s.r.o, CZ
NA,NA,2,3,3,4,7,6,6,8,12,16,18,17,21,22,21,26,18,37,50,49,57,63
NA,NA,5751,3330,2707,3037,1841,2519,2960,2662,2219,2130,2367,2693,2737,2772,3556,3696,5008,4015,3643,2786,2660,2429

11528 : PHOTRONICS, US
2,2,2,3,2,3,3,3,3,3,3,8,8,8,8,8,9,7,7,7,9,9,10,10
2578,3805,4656,3144,6963,4390,5005,5674,6438,7220,7707,3602,4280,4647,5250,5465,5920,7839,8688,9633,9325,9975,10231,10144

22775 : MOORECAP, US
NA,NA,NA,1,2,2,2,2,3,4,4,4,5,6,6,7,6,6,6,6,6,5,6,8
NA,NA,NA,10669,11227,5571,6453,7271,5822,5005,5519,6599,5947,5667,6589,6012,7829,8691,9667,10634,11512,13438,12896,11156

15699 : AS_ADAM Adam Datacenter, ES
NA,1,3,3,6,5,5,5,6,8,9,7,10,16,17,17,18,15,17,36,42,41,44,38
NA,9257,3177,3601,1545,2015,2322,2645,2686,2556,2633,3639,3472,2785,3144,3364,3905,5010,5102,4080,4022,3192,3245,3667

2526 : HITNET Global Solution 2nd Office. IT Strategy & Digital Integration Division. Hitachi, Ltd., JP
1,3,4,6,2,4,4,4,6,4,4,6,7,7,6,6,8,8,8,14,10,10,10,18
5009,2494,1698,1329,7748,2596,3010,3412,2820,4468,4885,4142,4387,4806,6088,6206,6070,6908,7675,6694,8647,9277,9972,7185

3663 : NETNET-NET, US
2,2,2,2,2,2,2,3,3,4,7,7,10,9,9,10,12,31,32,25,25,22,19,26
2949,5837,4439,5013,5358,6413,6728,5208,5194,4605,3347,3622,3459,3999,4732,4668,4959,3305,3643,5009,5458,5809,7136,5303

22485 : MONTANA-OPTICOM-AS22485, US
NA,NA,NA,2,1,1,1,1,3,2,1,2,2,2,2,2,2,2,2,2,2,2,2,NA
NA,NA,NA,7001,12245,14136,15930,17541,5003,12206,28408,21742,11599,25082,27424,27688,30488,32080,34110,35664,37376,39158,39936,NA

2280 : OCBHONEY OCB public cloud network, FR
NA,NA,NA,NA,NA,NA,NA,NA,NA,NA,NA,NA,NA,NA,NA,NA,NA,NA,40,64,28,28,31,28
NA,NA,NA,NA,NA,NA,NA,NA,NA,NA,NA,NA,NA,NA,NA,NA,NA,NA,3276,2147,5160,4724,4655,5007

34510 : AFONE-AS, FR
NA,NA,NA,NA,NA,NA,2,2,3,3,3,2,2,2,2,6,12,16,17,40,28,28,30,29
NA,NA,NA,NA,NA,NA,9747,10578,6542,7318,7816,20345,21950,23336,25634,6490,5004,4991,5264,3846,5179,4737,4892,4860

24634 : CYBERIA-AS Cyberia, LB
NA,NA,NA,NA,NA,2,2,3,5,5,5,5,4,4,9,9,7,6,9,10,8,8,6,6
NA,NA,NA,NA,NA,10002,11060,5995,3371,3813,4217,4817,6419,7554,4811,5004,6881,8454,7434,8019,9732,10377,12647,11960

3448 : ATTMO-3-AS, US
1,1,2,2,2,1,1,1,1,1,1,1,NA,1,1,1,1,NA,NA,NA,NA,NA,NA,NA
6073,8974,4434,5008,5353,16069,18051,19939,21918,24335,26229,28555,NA,33083,35472,35685,39690,NA,NA,NA,NA,NA,NA,NA

39775 : HYPERNET-AS, RU
NA,NA,NA,NA,NA,NA,NA,4,8,5,4,7,8,12,16,9,12,91,7,8,4,6,5,19
NA,NA,NA,NA,NA,NA,NA,3768,2365,4002,4946,3772,4077,3525,3380,5003,4890,1182,8251,8688,13621,11512,13409,6727

22518 : PANDORA-CORP, US
NA,NA,1,1,2,1,1,1,1,1,NA,2,2,3,7,6,5,6,11,16,12,25,24,15
NA,NA,9304,11849,5008,13305,15109,16703,18607,20678,NA,16434,17717,11098,5562,6754,9229,8099,6482,6225,7980,5270,6017,8256

28890 : INSYS-AS INSYS ISP, RU
NA,NA,NA,NA,2,4,3,3,8,7,16,12,8,19,10,9,9,9,9,9,86,159,84,65
NA,NA,NA,NA,11209,2914,4007,6520,2364,3063,1785,2601,4076,2478,4492,5001,5887,6698,7440,8339,2013,992,2048,2383

14080 : Telmex Colombia S.A., CO
1,4,3,2,5,6,5,5,11,10,14,18,19,19,22,22,22,19,18,25,24,31,35,27
6236,1598,2520,10075,1896,1975,2687,3070,1836,2352,2017,1976,2220,2474,2626,2788,3470,4466,5002,5042,5630,4213,4108,5061

34470 : PTKOM-AS PortTelekom Autonomous system, RU
NA,NA,NA,NA,NA,NA,1,4,4,6,7,8,7,7,8,6,7,8,8,9,8,7,7,7
NA,NA,NA,NA,NA,NA,20766,3799,4374,3434,3395,3531,4618,5006,5202,6559,6905,7124,7931,8423,9746,11032,11790,11245

53223 : Master Net Telecom LTDA, BR
NA,NA,NA,NA,NA,NA,NA,NA,NA,NA,NA,1,2,1,8,2,9,6,3,4,10,8,7,3
NA,NA,NA,NA,NA,NA,NA,NA,NA,NA,NA,32768,24903,37810,5005,29260,5685,8031,19790,12840,8623,10123,11482,19302

21171 : SCHIBSTED Schibsted ASA Autonomous system, Oslo, Norway, NO
NA,NA,1,2,4,13,10,10,11,8,8,8,6,8,8,8,8,8,16,20,16,16,1,1
NA,NA,11690,7357,2151,1010,1419,1621,1760,2675,2966,3390,4824,4385,5010,5213,6040,6868,5348,5601,6790,7526,60792,50007

24640 : BSWS-AS, DE
NA,NA,NA,3,3,3,2,3,10,6,5,5,5,5,5,5,4,5,5,11,11,17,15,17
NA,NA,NA,3861,4219,5010,6473,5139,1860,3138,3976,4536,5273,5760,6704,6842,9424,8795,9770,7347,8204,7238,8238,7604

262802 : -Reserved AS-, ZZ
NA,NA,NA,NA,NA,NA,NA,NA,NA,NA,NA,2,2,8,8,2,4,5,55,46,66,8,4,NA
NA,NA,NA,NA,NA,NA,NA,NA,NA,NA,NA,23528,24909,4383,5009,29271,11769,8960,2564,3114,2919,10124,15854,NA

13999 : Mega Cable, S.A. de C.V., MX
4,4,4,2,4,4,4,5,7,7,8,7,10,11,10,11,15,15,22,24,30,36,43,44
1032,1633,2009,9225,2582,3166,3670,3200,2671,3108,3147,3634,3468,3739,4482,4291,4327,5008,4441,5118,4935,3589,3308,3173

327935 : iSPACE, ZA
NA,NA,NA,NA,NA,NA,NA,NA,NA,NA,NA,NA,NA,NA,NA,NA,3,9,11,36,30,32,37,42
NA,NA,NA,NA,NA,NA,NA,NA,NA,NA,NA,NA,NA,NA,NA,NA,12975,6596,6583,4123,5007,4141,3862,3322

54308 : RETOUCHUP, US
NA,NA,NA,NA,NA,NA,NA,NA,NA,NA,NA,NA,NA,6,11,9,10,NA,NA,1,1,1,1,1
NA,NA,NA,NA,NA,NA,NA,NA,NA,NA,NA,NA,NA,5528,4177,5008,5544,NA,NA,56364,58957,61434,63107,57049

53165 : -Reserved AS-, ZZ
NA,NA,NA,NA,NA,NA,NA,NA,NA,NA,NA,3,5,29,39,56,44,12,58,49,65,25,29,NA
NA,NA,NA,NA,NA,NA,NA,NA,NA,NA,NA,6925,5399,1788,1786,1482,2165,5591,2184,2764,2985,5247,5003,NA

22738 : LANLOGIC, US
NA,NA,NA,3,3,3,4,5,3,4,4,3,3,3,3,3,3,3,3,6,3,3,3,3
NA,NA,NA,2447,3015,3648,3232,2975,7146,5004,5518,7984,8936,9756,12372,11481,13988,14009,16489,9708,18601,19221,19950,20769

24806 : INTERNET-CZ Ktis 2, 384 03 Ktis, CZ
NA,NA,NA,4,4,7,12,7,8,12,12,14,19,16,18,16,17,21,22,29,24,26,34,22
NA,NA,NA,2142,2533,1731,1206,2154,2275,2001,2148,2293,2222,2791,3025,3493,4051,4182,4445,4683,5610,5004,4195,6096

29387 : EUROWEBMALTA, MT
NA,NA,NA,NA,NA,NA,1,3,3,3,2,1,1,1,1,1,1,1,1,1,1,1,1,1
NA,NA,NA,NA,NA,NA,20306,5009,5667,6345,20810,35096,38141,40715,43254,43158,48587,51281,53958,56403,58994,61480,63148,51521

21986 : -Reserved AS-, ZZ
NA,NA,2,2,NA,1,1,2,3,4,3,4,3,4,4,3,3,3,3,3,2,2,1,1
NA,NA,8081,9160,NA,16220,18204,7248,5819,5002,7133,6191,8927,7673,9962,11466,13978,13991,16472,17837,24088,26009,46832,50163

2515 : JPNIC Japan Network Information Center, JP
1,4,6,5,3,8,9,9,9,10,9,12,12,11,14,13,14,12,14,20,16,19,18,27
5008,1374,1149,1556,2788,1459,1556,1762,2071,2267,2710,2582,3117,3674,3597,4002,4555,5595,5744,5618,6823,6854,7549,5168

10821 : PIONEERINTERNET, US
1,2,1,1,1,3,3,3,3,3,2,2,1,2,2,2,2,2,2,2,2,3,3,3
6422,2785,9563,11005,12130,4386,5001,5671,6437,6691,10464,11712,36324,25922,28348,28599,31466,33127,35184,36788,38496,22762,22694,20107

6700 : BEOTEL-AS www.beotel.net, RS
2,3,4,4,2,2,1,3,1,3,5,13,17,15,15,16,19,21,18,25,30,26,29,28
3592,1881,1792,2042,9567,10927,18843,4736,22830,5997,4313,2498,2524,3058,3502,3478,3766,4171,4947,5010,4931,4998,4937,4918

134835 : SNL-HK Starry Network Limited, HK
NA,NA,NA,NA,NA,NA,NA,NA,NA,NA,NA,NA,NA,NA,NA,NA,2,4,7,26,31,34,33,40
NA,NA,NA,NA,NA,NA,NA,NA,NA,NA,NA,NA,NA,NA,NA,NA,28582,12170,8706,5005,4924,3889,4452,3485

14638 : LCPRL, US
NA,NA,NA,NA,NA,NA,NA,NA,3,3,3,2,5,7,9,9,11,14,15,22,28,19,15,16
NA,NA,NA,NA,NA,NA,NA,NA,7368,8324,8805,21909,5732,5003,4817,5011,5263,5287,5641,5433,5227,6990,8487,7780

46131 : THEIPGUYS-AS, US
NA,NA,NA,NA,NA,NA,NA,NA,NA,1,1,2,2,2,1,1,2,3,3,4,5,26,29,30
NA,NA,NA,NA,NA,NA,NA,NA,NA,22888,24637,11499,12793,19116,35358,35570,19755,14575,17033,14835,12852,5009,4950,4714

2754 : EPNG-AS, US
NA,NA,NA,2,2,2,2,2,2,3,3,3,3,4,2,2,2,2,2,NA,NA,NA,NA,NA
NA,NA,NA,5002,5345,6402,7467,7604,8610,6678,7267,8147,9145,7774,17561,17690,20104,20928,23424,NA,NA,NA,NA,NA

17990 : GLOBALNETHK-AP GLOBALNET COMMUNICATION LTD., HK
NA,NA,NA,3,2,2,7,7,9,12,9,11,9,13,12,24,28,30,11,25,30,30,41,34
NA,NA,NA,2653,8782,9019,1874,2197,2079,2027,2774,2803,3856,3371,3972,2629,2969,3422,6561,5095,5003,4462,3512,4152

7531 : GENOME GenomeNet Project, JP
1,1,1,1,1,2,2,2,2,2,2,2,1,1,1,1,NA,NA,NA,NA,NA,NA,NA,NA
5010,7680,9921,11357,12511,8870,9944,10785,11712,12920,13505,14661,28243,30074,32691,32908,NA,NA,NA,NA,NA,NA,NA,NA

22526 : -Reserved AS-, ZZ
NA,NA,2,2,2,2,2,1,1,1,1,1,1,1,1,NA,NA,NA,3,NA,NA,NA,NA,NA
NA,NA,5522,5957,5009,5977,6997,23640,26171,24515,26417,28741,28112,29951,32564,NA,NA,NA,14920,NA,NA,NA,NA,NA

16704 : -Reserved AS-, ZZ
NA,1,2,2,2,2,2,2,2,2,3,2,2,2,2,1,1,1,NA,NA,NA,NA,NA,NA
NA,8672,5004,5491,5748,6749,7803,8694,9762,10920,7515,12757,14064,15259,17725,31974,35582,37589,NA,NA,NA,NA,NA,NA

19530 : NDIN-STATE, US
NA,NA,2,2,2,2,2,2,3,2,2,2,3,2,2,2,2,2,2,2,2,2,3,3
NA,NA,3449,3931,4283,5086,5827,6596,5001,8505,9450,18880,8161,21683,23907,24198,17694,18133,20581,22057,23067,25069,19082,17799

53238 : Chapeco Tecnologia em Telecomunicacoes Ltda., BR
NA,NA,NA,NA,NA,NA,NA,NA,NA,NA,NA,1,2,2,2,54,46,59,60,8,72,25,29,27
NA,NA,NA,NA,NA,NA,NA,NA,NA,NA,NA,26924,24456,12734,25594,1622,2026,1967,2060,8918,2350,5337,5004,5083

13363 : LANDMARK-SYSTEMS-CORP, US
2,2,2,2,2,3,3,3,4,4,4,5,4,4,6,6,6,6,7,6,3,4,7,8
2690,3906,4735,5257,5558,4395,5010,5682,4629,5222,5634,5135,6243,6898,5998,6143,7143,8621,8104,10094,20192,16324,11335,10923

41165 : UNTC-AS, UA
NA,NA,NA,NA,NA,NA,NA,NA,1,2,5,6,7,5,7,9,12,13,8,14,18,17,16,14
NA,NA,NA,NA,NA,NA,NA,NA,27078,20175,4389,4352,4608,6290,5689,4991,5009,5478,7919,6765,6502,7338,8072,8465

22403 : TRINICOM, US
NA,NA,2,2,2,2,NA,2,2,2,2,2,2,2,2,2,2,2,4,4,4,2,2,2
NA,NA,4292,4804,5001,5972,NA,12632,13899,15340,16160,17574,18921,20103,22220,22370,24628,25350,12200,13374,13879,32222,32031,28855

35753 : ITC ITC AS number, SA
NA,NA,NA,NA,NA,NA,NA,3,11,13,18,24,22,30,37,40,43,51,53,201,308,346,366,372
NA,NA,NA,NA,NA,NA,NA,5004,1841,1910,1643,1504,2039,1743,1868,1936,2265,2641,2836,629,452,441,446,430

52654 : Bi-Link Telecom, BR
NA,NA,NA,NA,NA,NA,NA,NA,NA,NA,NA,NA,NA,NA,2,1,1,55,49,2,67,25,29,3
NA,NA,NA,NA,NA,NA,NA,NA,NA,NA,NA,NA,NA,NA,15615,46089,52582,2306,3003,29655,2773,5305,5002,22124

25624 : NIGHTASN, US
NA,NA,NA,1,2,3,2,NA,NA,NA,NA,NA,NA,2,1,2,2,1,1,1,1,1,1,NA
NA,NA,NA,13735,10967,5006,14311,NA,NA,NA,NA,NA,NA,26995,41217,29747,32889,41444,43770,45850,48157,50334,51747,NA

22527 : 22527, US
NA,NA,NA,2,2,2,2,2,2,2,2,2,2,2,3,3,3,3,3,4,3,4,3,3
NA,NA,NA,5958,5010,5978,6998,7889,8949,10094,10752,11981,13317,14557,12656,11924,14400,14496,16969,14810,19088,15813,20482,20754

10884 : FRYIN-AS, US
2,2,2,2,2,3,3,3,2,2,2,2,2,2,3,1,1,1,1,NA,NA,NA,NA,NA
2509,3736,4593,5136,11002,4387,5002,5672,10860,12003,18087,19692,21243,22547,14110,42947,48334,51013,53680,NA,NA,NA,NA,NA

12637 : SEEWEB Web hosting, colocation and cloud services, IT
2,3,3,3,3,3,3,11,21,126,140,168,76,880,1083,1149,1323,1662,1564,1741,2014,1954,2027,2068
3118,2449,3056,3395,3687,4394,5009,1486,1089,230,221,197,585,60,59,63,68,80,92,100,98,77,88,82

53225 : IPGLOBE INTERNET LTDA, BR
NA,NA,NA,NA,NA,NA,NA,NA,NA,NA,NA,NA,1,1,8,8,3,18,2,3,1,1,1,1
NA,NA,NA,NA,NA,NA,NA,NA,NA,NA,NA,NA,36980,37811,5006,5208,13658,4628,20683,17333,57438,59763,61400,56813

25505 : CHEREDA-KV-AS Kyiv, Ukraine, UA
NA,NA,NA,2,2,2,2,2,3,3,2,2,2,1,2,3,12,14,9,11,19,23,16,11
NA,NA,NA,10102,4594,12402,6071,6876,5552,6164,19390,10593,11791,36600,15286,11016,5008,5279,7427,7540,6342,5674,8058,9624

39603 : P4NET P4 UMTS operator in Poland, PL
NA,NA,NA,NA,NA,NA,NA,2,2,3,3,4,6,4,7,8,12,12,11,13,15,26,40,36
NA,NA,NA,NA,NA,NA,NA,15791,17427,6429,6967,5983,5005,7281,5383,5113,4850,5537,6380,6856,6973,5043,3558,3910

30526 : NEPTUNO-NET, PR
NA,NA,NA,NA,2,2,6,6,3,8,4,8,7,5,6,5,6,5,4,4,4,4,5,5
NA,NA,NA,NA,7446,5088,2075,2390,5009,2621,4824,3378,4636,6314,6452,7453,7646,9493,12994,14233,14683,14973,13867,13038

52527 : IWNET TELECOM LTDA ME, BR
NA,NA,NA,NA,NA,NA,NA,NA,NA,NA,NA,NA,NA,NA,42,53,45,55,55,46,79,28,29,27
NA,NA,NA,NA,NA,NA,NA,NA,NA,NA,NA,NA,NA,NA,1644,1638,2051,2302,2527,3081,2138,4777,5001,5090

6862 : GRATEX Slovakia, SK
1,2,1,2,2,2,4,3,3,5,4,4,5,3,3,3,1,1,1,1,1,1,1,1
4899,5003,9794,7475,7871,8970,3028,4689,5310,3882,4902,5517,5431,8887,11380,10547,38483,40897,43243,45345,47745,49983,51380,47603

14325 : OSHEAN, US
1,6,6,7,9,7,8,9,9,12,11,11,12,13,16,16,16,15,17,17,31,34,20,23
4574,841,1080,1100,1053,1707,1763,1842,2047,1944,2300,2680,3054,3253,3263,3485,4190,5009,5101,6041,4906,3859,7036,5777

9822 : AMNET-AU-AP Amnet IT Services Pty Ltd, AU
NA,1,4,6,5,13,16,15,21,44,41,43,58,63,64,60,69,69,55,39,30,21,1,NA
NA,9533,1837,1394,1677,1002,1005,1193,1108,748,863,921,882,964,1171,1354,1420,1680,2651,3911,5005,6292,50958,NA

22938 : BIGCITY-NET, US
NA,NA,NA,2,3,3,2,3,1,3,4,4,4,4,5,4,4,1,2,2,NA,NA,NA,NA
NA,NA,NA,3998,2882,3524,6460,4244,20260,5817,5006,5644,6395,7079,7179,8362,10264,39308,27082,28547,NA,NA,NA,NA

22540 : TUCSONVAISALA, US
NA,NA,NA,NA,2,2,2,2,3,2,2,1,1,2,1,1,1,1,1,2,2,NA,NA,NA
NA,NA,NA,NA,6101,7048,8067,8951,5004,12209,12802,33501,36321,20108,41125,41112,45977,48483,51065,29218,30914,NA,NA,NA

61784 : AltaNet Telecom e Inf. LTDA-ME, BR
NA,NA,NA,NA,NA,NA,NA,NA,NA,NA,NA,NA,NA,NA,NA,NA,2,58,60,5,69,24,29,22
NA,NA,NA,NA,NA,NA,NA,NA,NA,NA,NA,NA,NA,NA,NA,NA,18036,2027,2062,11986,2553,5541,5007,6076

55811 : COUNTRYTELL-AU Countrytell Management Pty Ltd, AU
NA,NA,NA,NA,NA,NA,NA,NA,NA,NA,NA,NA,1,1,2,2,2,2,1,1,15,28,29,7
NA,NA,NA,NA,NA,NA,NA,NA,NA,NA,NA,NA,35368,37670,19452,19303,21682,22556,41019,43154,7055,4771,5005,11276

31357 : TOMICA-AS Tomsk Information and Consulting Agency, RU
NA,NA,NA,NA,NA,2,2,1,1,3,2,4,3,3,3,8,12,19,11,18,12,9,27,4
NA,NA,NA,NA,NA,12959,14605,23250,25617,6257,20210,6030,8498,9267,11829,5406,5005,4489,6478,5880,7902,9619,5366,16772

9831 : UNIGATE-AS-AP AS NO. FOR UNIGATE TELECOM INC., TW
NA,4,7,6,3,5,6,5,8,6,6,5,4,3,3,2,1,1,1,1,1,1,1,1
NA,1479,1054,1295,3130,2318,2256,3052,2354,3431,3822,5001,6702,9230,11776,23291,44753,47251,49775,52061,54547,56819,58346,74570

25048 : DSNET, GB
NA,NA,NA,7,10,15,17,10,14,10,4,13,6,6,1,1,1,2,2,2,2,2,3,2
NA,NA,NA,1192,1027,910,962,1671,1485,2299,5007,2485,4903,5319,38690,38797,44342,33520,35569,37195,38957,40735,23609,29323

21788 : HIPOINT-, US
NA,NA,2,4,3,3,4,3,2,4,17,37,51,50,45,NA,NA,NA,NA,2,5,5,4,5
NA,NA,6338,2253,2836,4667,3412,5131,8243,5001,1662,1025,983,1134,1481,NA,NA,NA,NA,29971,12196,12797,15341,13004

37027 : SIMBANET-AS, TZ
NA,NA,NA,NA,NA,NA,NA,NA,NA,NA,NA,NA,1,1,7,9,11,18,33,28,24,16,15,18
NA,NA,NA,NA,NA,NA,NA,NA,NA,NA,NA,NA,34706,36982,5712,5006,5237,4661,3633,4817,5679,7721,8508,7024

11814 : DISTRIBUTEL-AS11814, CA
2,2,3,3,3,5,4,6,1,2,11,10,13,11,10,14,19,24,25,30,21,26,28,30
2888,4503,2420,3357,4176,2012,2827,2319,18271,9135,2293,2865,2882,3644,4264,3785,3772,3851,4151,4589,5966,5001,5119,4681

34891 : UM-WARSZAWA-AS pl. Bankowy 35, PL
NA,NA,NA,NA,NA,NA,2,2,2,2,8,3,6,5,5,6,8,11,9,8,7,7,7,7
NA,NA,NA,NA,NA,NA,14452,15834,17480,19284,3116,7522,5004,6150,7390,6447,6264,5963,7313,8802,10247,10917,11672,11719

21257 : CDNNET-AS, UA
NA,NA,2,2,3,3,4,3,4,5,3,3,1,1,1,13,15,17,10,28,17,3,3,3
NA,NA,6940,10031,3194,3844,3361,5006,4353,4038,6882,7665,34727,37001,39487,4053,4428,4795,7005,4810,6649,23685,23529,20692

16710 : PBS, US
NA,NA,2,2,1,2,2,1,1,1,1,2,2,2,3,2,2,3,3,3,3,3,3,3
NA,NA,5007,5493,14149,6752,7805,16995,18904,21010,22620,10943,12183,13434,12335,15975,18263,13947,18664,19913,20901,22581,22362,20426

20018 : MVT-AS, US
NA,NA,2,NA,NA,NA,NA,NA,2,3,4,4,3,4,4,4,5,4,4,4,6,4,4,4
NA,NA,4237,NA,NA,NA,NA,NA,7843,5812,5004,5637,8477,7432,7985,8003,7935,10137,11513,12380,10568,14012,14772,15705

33005 : ELTOPIA, US
NA,NA,NA,NA,NA,1,2,2,2,4,5,6,6,10,12,17,21,20,19,31,34,NA,NA,NA
NA,NA,NA,NA,NA,17581,14300,15647,17236,4859,4407,4312,5001,3947,3904,3407,3559,4338,4806,4519,4582,NA,NA,NA

22421 : TCC01, US
NA,NA,NA,2,2,NA,NA,NA,NA,1,1,2,1,1,2,1,2,2,2,1,1,1,1,NA
NA,NA,NA,8508,5003,NA,NA,NA,NA,20361,21878,11060,34367,33026,24743,35613,18384,18877,21362,41260,43476,45807,46834,NA

25273 : BCELU S T N S, LU
NA,NA,NA,NA,3,2,2,2,4,6,4,8,24,29,33,20,16,15,16,27,15,28,27,22
NA,NA,NA,NA,2709,6296,8742,9583,4582,3191,5008,3464,1755,1758,1964,2984,4200,5015,5296,4842,6965,4677,5324,6061

11272 : TELEPAK-NETWORKS-INC, US
2,2,2,2,2,2,3,2,4,5,5,6,6,8,12,24,30,32,33,38,41,48,55,55
2554,3778,4628,5168,6953,8023,5004,13611,3959,3727,4129,4029,4702,4271,3857,2565,2780,3238,3599,3921,4086,2810,2710,2654

16455 : MLATTTW, US
NA,NA,2,2,2,2,5,6,5,5,4,3,NA,2,5,3,2,3,6,6,4,5,4,NA
NA,NA,7174,8030,8614,9861,2532,2476,3355,3793,5002,7685,NA,20017,7152,13108,24532,14704,8867,9850,15509,13626,16758,NA

24523 : ORION-AS-ID Orion Cyber Internet, ID
NA,NA,NA,NA,NA,NA,NA,1,2,4,14,16,20,45,39,41,12,113,106,10,12,12,5,5
NA,NA,NA,NA,NA,NA,NA,22857,16959,5472,2018,2175,2202,1230,1800,1920,5002,911,1020,8041,8136,8787,14032,13235

34993 : ODISO-AS, FR
NA,NA,NA,NA,NA,NA,1,2,3,2,2,2,2,2,2,2,2,3,4,10,8,26,34,32
NA,NA,NA,NA,NA,NA,14996,7501,5892,9558,10152,11333,12614,13825,16266,16375,18661,14124,13414,7688,9373,5007,4198,4455

30147 : ROGERS-COMMUNICATIONS, CA
NA,NA,NA,NA,3,2,2,1,2,3,3,5,5,2,2,2,2,2,2,2,1,1,1,1
NA,NA,NA,NA,3189,13040,14724,23057,7924,6336,6881,5010,5343,12466,14909,15062,17192,17609,20035,21523,44660,46960,47963,51652

19181 : CWIE, US
NA,NA,2,2,1,1,3,3,2,6,8,14,8,7,16,17,4,NA,NA,1,1,1,1,1
NA,NA,3517,8037,12900,14834,4657,5265,8856,3294,3020,2290,4223,5004,3382,3469,10971,NA,NA,50132,52549,54725,56128,49666

16715 : ARISTOTLE-ASN, US
NA,2,2,1,1,1,1,1,1,1,1,1,1,1,1,1,1,1,1,1,1,2,2,2
NA,4220,5009,10553,11693,13557,15066,16656,18556,20628,22224,24500,26718,31238,33543,33700,40108,47557,50113,52418,49213,35874,36552,27751

32228 : ASISN, US
NA,NA,NA,NA,NA,3,3,3,3,2,1,1,1,1,1,2,2,2,2,2,2,2,4,2
NA,NA,NA,NA,NA,5007,5730,6496,5871,9486,28677,31093,33703,35912,38343,16284,18575,19075,21569,23138,24322,26234,14799,30699

22497 : EXOSPEC, US
NA,NA,2,2,2,2,2,NA,NA,NA,NA,NA,NA,NA,NA,NA,NA,NA,NA,NA,1,1,2,2
NA,NA,4295,4807,5005,5975,6996,NA,NA,NA,NA,NA,NA,NA,NA,NA,NA,NA,NA,NA,54944,57238,24918,24608

30570 : AEPCO-30570, US
NA,NA,NA,NA,NA,NA,2,2,3,2,2,2,2,2,3,2,2,2,4,5,4,2,2,2
NA,NA,NA,NA,NA,NA,9502,10287,5010,12345,12911,14043,15250,16278,12691,17276,19628,20361,11534,10874,13353,27539,27631,30377

8364 : POZMAN-COM POZMAN-COM, PL
NA,1,3,1,5,6,8,10,9,12,13,12,12,14,12,18,12,12,10,16,11,11,14,11
NA,9239,2472,13215,1874,1953,1765,1691,2153,2042,2122,2657,3219,3227,4004,3345,5007,5732,7003,6309,8463,9013,8743,9428

16711 : EHI-NA-AS-2, US
NA,1,2,1,1,2,2,2,2,2,2,2,2,2,2,2,2,3,3,3,3,4,3,3
NA,9050,5008,12859,14150,6753,7806,8696,9763,10921,11546,12758,14065,15260,17726,17833,20206,14707,17168,18455,19304,15924,20711,20427

196709 : GNC-ALFA -GNC1-, AM
NA,NA,NA,NA,NA,NA,NA,NA,NA,NA,NA,9,12,7,9,6,34,35,32,40,48,56,51,52
NA,NA,NA,NA,NA,NA,NA,NA,NA,NA,NA,3272,3230,5009,4820,6563,2583,3117,3688,3835,3725,2544,2909,2800

46475 : LIMESTONENETWORKS, US
NA,NA,NA,NA,NA,NA,NA,NA,NA,3,3,3,4,5,6,4,6,5,5,9,20,26,20,24
NA,NA,NA,NA,NA,NA,NA,NA,NA,7657,7966,8679,7219,6482,6538,9171,7769,9725,11163,8118,6123,5010,6808,5608

10855 : AUTO-BY-TEL, US
2,2,2,NA,3,3,3,3,4,3,3,2,3,1,2,3,2,1,2,2,1,1,1,1
3016,4628,6046,NA,4212,5004,5722,6474,4734,7722,8226,16971,10227,30950,21529,13557,23948,39989,27856,29290,46698,48835,50208,48136

26259 : TELEGIA-AS, US
NA,NA,NA,NA,1,2,2,NA,NA,2,4,6,5,5,5,5,5,5,5,4,3,3,3,3
NA,NA,NA,NA,14239,10191,5895,NA,NA,10157,5010,4209,5276,5766,6713,7138,8497,9135,10250,13200,16712,17680,18363,17854

17012 : PAYPAL, US
NA,1,4,3,5,4,4,4,2,2,3,3,3,4,5,5,12,19,18,22,20,20,17,16
NA,8237,1935,3212,1931,3054,3552,4029,13338,14802,6378,7132,8481,7434,7552,7475,4887,4498,5009,5360,6142,6528,7733,7811

9066 : BCC Hinter dem Turme 12, DE
1,3,6,18,34,43,51,55,64,67,69,61,101,123,138,132,19,18,18,16,10,11,8,4
4814,1782,1112,501,366,385,375,425,427,473,514,618,403,381,407,477,3805,4617,5006,6170,8826,8899,10776,14636

45194 : SIPL-AS Syscon Infoway Pvt. Ltd., IN
NA,NA,NA,NA,NA,NA,NA,NA,NA,4,5,9,11,14,14,15,15,19,22,37,30,33,40,35
NA,NA,NA,NA,NA,NA,NA,NA,NA,5374,4261,3216,3405,3211,3650,3755,4458,4541,4528,4068,5004,3988,3639,3989

23028 : TEAM-CYMRU, US
NA,NA,NA,NA,2,2,7,6,7,4,5,9,17,17,18,22,33,32,2,3,3,4,178,179
NA,NA,NA,NA,10381,10181,1797,2594,2654,5006,4494,3068,2440,2661,3024,2754,2605,3247,21386,17855,18607,14019,990,983

39785 : AXIOMA, RU
NA,NA,NA,NA,NA,NA,NA,2,1,2,6,5,5,7,10,12,10,9,8,7,6,8,40,32
NA,NA,NA,NA,NA,NA,NA,16027,24971,8921,3778,5040,5780,5007,4508,4271,5555,6722,7944,9536,11276,10376,3643,4385

834 : IPXO, US
1,1,1,NA,NA,NA,2,2,2,2,2,1,1,NA,NA,NA,NA,NA,NA,NA,NA,NA,NA,1
5007,7678,8756,NA,NA,NA,12503,13577,14980,16538,17429,28047,30544,NA,NA,NA,NA,NA,NA,NA,NA,NA,NA,46969

22503 : ALPINE, PR
NA,NA,2,2,2,2,NA,NA,NA,2,2,2,1,1,1,1,1,NA,NA,NA,NA,NA,NA,NA
NA,NA,4296,4808,5006,5976,NA,NA,NA,13195,13810,14995,31273,33279,35657,35853,39841,NA,NA,NA,NA,NA,NA,NA

203417 : LH, PL
NA,NA,NA,NA,NA,NA,NA,NA,NA,NA,NA,NA,NA,NA,NA,NA,NA,7,7,6,7,18,24,28
NA,NA,NA,NA,NA,NA,NA,NA,NA,NA,NA,NA,NA,NA,NA,NA,NA,7449,8287,10333,10279,7167,6054,5002

23097 : COHEN-STEERS, US
NA,NA,NA,2,2,2,2,3,4,4,4,4,4,4,4,3,4,4,2,3,4,4,2,2
NA,NA,NA,6012,6150,7085,8107,5532,4441,5007,5521,6199,6942,7681,9970,11489,11267,11312,21391,17857,15254,15946,28318,29021

17999 : TPG-AU TPG Internet Pty Ltd., AU
NA,NA,NA,NA,NA,NA,NA,NA,NA,5,12,15,19,18,15,12,12,8,6,NA,NA,NA,2,NA
NA,NA,NA,NA,NA,NA,NA,NA,NA,3937,2266,2260,2309,2646,3488,4256,5001,7093,9416,NA,NA,NA,24636,NA

20228 : NTUA, US
NA,NA,3,3,3,4,3,3,2,2,1,NA,1,NA,2,2,3,4,4,4,5,3,2,1
NA,NA,2320,2442,2817,2621,3871,5001,17624,19450,29440,NA,29436,NA,15933,16051,12102,10039,13358,14645,12822,19705,35657,49849

2477 : FR-RENATER Reseau National de telecommunications pour la Technologie, EU
1,1,2,NA,NA,2,2,2,2,2,NA,NA,NA,NA,NA,NA,NA,NA,NA,NA,NA,NA,NA,NA
5003,7672,3491,NA,NA,5105,5849,6621,7552,8529,NA,NA,NA,NA,NA,NA,NA,NA,NA,NA,NA,NA,NA,NA

12273 : TRUELINK, US
2,2,2,3,3,2,3,3,3,3,3,3,3,3,3,3,3,3,5,5,5,3,4,5
2060,3073,3786,2942,3207,10546,5008,5680,6444,7225,7710,8180,9174,10078,12603,11867,14585,14683,9915,10923,11742,19969,16750,14176

32678 : FIDALIA-AS, CA
NA,NA,NA,NA,NA,NA,NA,NA,NA,6,5,5,7,6,6,8,13,11,11,13,16,13,17,18
NA,NA,NA,NA,NA,NA,NA,NA,NA,3389,4331,5009,4573,5452,6367,5365,4787,5979,6444,6903,6769,8300,7718,7206

39728 : LUGANET, RU
NA,NA,NA,NA,NA,NA,NA,2,1,1,7,9,10,11,12,9,16,14,19,5,6,4,5,4
NA,NA,NA,NA,NA,NA,NA,16006,24792,28543,3301,3262,3678,3762,3993,5002,4313,5281,4931,11933,11318,15304,14140,14787

15493 : RUSCOMP-AS Russian company LLC. Internet Service Provider, Tyumen, RU
NA,1,NA,1,1,1,2,3,3,3,4,3,29,8,8,9,10,17,70,96,159,43,42,14
NA,8949,NA,14426,16240,18429,14736,5005,5665,7499,5357,7593,1451,4585,5201,5013,5546,4750,1743,1723,1027,3114,3461,8397

10032 : HGC-AS-AP BDX DC Services HK Limited, HK
NA,4,5,8,8,8,9,8,8,11,12,12,13,24,11,18,27,32,26,45,33,34,34,28
NA,1324,1410,1051,1207,1503,1588,1985,2324,2164,2267,2630,2939,2061,4184,3334,3038,3300,4107,3315,4713,3842,4266,5008

18985 : GAP-INC, US
NA,2,2,2,1,1,2,2,2,2,2,2,2,2,2,2,3,1,NA,NA,NA,NA,NA,NA
NA,5002,8291,9407,14171,16183,9231,10055,11007,12132,12730,13896,15114,16189,18538,21025,12538,39278,NA,NA,NA,NA,NA,NA

38517 : MAXMEDIA-AS-ID PT.Bangsawan Cyberindo, ID
NA,NA,NA,NA,NA,NA,NA,NA,5,13,8,5,3,3,NA,NA,NA,1,1,2,3,1,2,1
NA,NA,NA,NA,NA,NA,NA,NA,3521,1930,3053,5003,8459,9468,NA,NA,NA,48955,51574,22112,17383,58830,43049,74334

29644 : AIRSPEED-AS, IE
NA,NA,NA,NA,NA,1,2,3,3,3,3,4,10,79,86,47,27,101,12,10,9,8,8,7
NA,NA,NA,NA,NA,14180,5830,4413,5008,5675,6147,5442,3532,735,838,1821,3062,1053,6337,8044,9291,10455,11217,11240

49300 : IBSELEKTR-AS, PL
NA,NA,NA,NA,NA,NA,NA,NA,NA,NA,3,1,6,4,5,6,9,12,11,9,8,8,8,8
NA,NA,NA,NA,NA,NA,NA,NA,NA,NA,8664,29516,5009,7292,7414,6461,5849,5638,6497,8376,9679,10312,11007,11010

50312 : ASSAT, PL
NA,NA,NA,NA,NA,NA,NA,NA,NA,NA,2,2,6,4,3,5,7,NA,NA,NA,NA,NA,NA,NA
NA,NA,NA,NA,NA,NA,NA,NA,NA,NA,21199,23194,5010,7293,11505,7335,6824,NA,NA,NA,NA,NA,NA,NA

2824 : DB-NA-1, US
NA,NA,1,2,2,2,2,2,2,2,2,2,3,3,5,4,5,3,3,3,3,4,3,3
NA,NA,8923,5003,5346,7965,9017,9865,10818,11968,12591,13782,9779,10727,6997,9529,8305,15505,17940,19194,20168,16298,21566,19865

22725 : HOME-COMMUNICATIONS-INC, US
NA,NA,NA,1,4,3,3,4,4,NA,NA,2,2,1,1,NA,NA,NA,NA,NA,2,2,2,2
NA,NA,NA,13734,2596,5005,5723,4201,4821,NA,NA,13956,24323,36616,39073,NA,NA,NA,NA,NA,38498,40258,41090,28929

19479 : CERVALIS, US
NA,NA,4,3,2,3,4,4,5,3,4,6,8,9,12,11,12,7,4,4,NA,NA,NA,NA
NA,NA,1938,3238,5895,4234,2925,3313,3193,7619,5003,4207,4100,4142,3950,4447,4989,7208,11335,12309,NA,NA,NA,NA

10838 : OCEANIC-INTERNET-RR, US
5,5,3,1,2,3,2,4,5,5,6,5,3,NA,NA,2,3,3,2,2,1,1,1,1
575,1178,3212,11219,4733,3984,9754,3760,3528,3994,3825,5007,8469,NA,NA,15272,13193,13177,20310,21787,49952,52104,53425,48133

25871 : WFG, US
NA,NA,NA,2,3,3,3,4,2,4,3,3,3,3,3,6,5,3,2,2,2,4,3,3
NA,NA,NA,6094,3559,3936,4554,3860,8302,5009,7151,7998,8950,9779,12387,6649,7959,14031,21430,22999,24166,15564,19975,20911

3147 : US-BANCORP, US
3,2,2,2,2,2,2,2,2,2,2,2,2,2,2,3,3,2,2,2,2,3,4,4
1321,2978,3703,5005,5349,6405,7470,8377,9408,10601,11268,12497,13839,15060,17563,11832,14304,19974,22506,24066,25390,19630,16660,16321

16709 : -Reserved AS-, ZZ
NA,2,2,1,NA,NA,NA,NA,2,2,2,2,NA,NA,NA,NA,NA,NA,NA,NA,NA,NA,NA,NA
NA,4218,5006,10552,NA,NA,NA,NA,8795,9942,10608,11846,NA,NA,NA,NA,NA,NA,NA,NA,NA,NA,NA,NA

30020 : BENFIELD-2003ASN, US
NA,NA,NA,NA,2,3,3,3,3,3,2,2,1,1,1,1,1,1,3,3,3,1,1,1
NA,NA,NA,NA,10916,5002,5719,6126,6957,7817,16219,17648,29500,31340,33642,33825,37655,39762,14967,16250,16849,48681,50095,51636

11047 : HHCC-ASN1, US
1,1,1,1,NA,NA,NA,1,2,2,2,2,2,2,2,2,2,3,3,2,2,3,3,3
5005,7674,9916,11353,NA,NA,NA,22694,15827,17381,18377,19695,21246,22550,24825,25151,27682,16235,18589,31250,33061,19089,19824,20120

41938 : RTCOMM-VOLGA-URAL-AS, RU
NA,NA,NA,NA,NA,NA,NA,NA,1,10,12,12,10,7,8,7,11,5,5,6,7,3,5,3
NA,NA,NA,NA,NA,NA,NA,NA,22800,2346,2284,2664,3686,5008,5178,5886,5253,9445,10787,10363,10311,18187,13904,17973

58678 : INTECHONLINE-IN Intech Online Private Limited, IN
NA,NA,NA,NA,NA,NA,NA,NA,NA,NA,NA,NA,NA,NA,1,9,13,21,24,38,25,29,43,47
NA,NA,NA,NA,NA,NA,NA,NA,NA,NA,NA,NA,NA,NA,40135,5007,4806,4192,4341,3936,5542,4600,3376,3012

12257 : EMC-AS12257, US
NA,1,1,2,2,4,4,4,4,4,4,9,12,13,14,16,16,16,16,17,13,17,17,16
NA,6976,9069,4322,5556,3003,3483,3959,4549,5129,5633,3292,3241,3422,3683,3633,4320,5003,5456,5957,7818,7474,7935,8104

61084 : SIBERDC, TR
NA,NA,NA,NA,NA,NA,NA,NA,NA,NA,NA,NA,NA,NA,11,13,13,16,14,NA,NA,1,1,2
NA,NA,NA,NA,NA,NA,NA,NA,NA,NA,NA,NA,NA,NA,4251,4081,4820,5006,5854,NA,NA,67091,68984,36511

9146 : BIHNET BIHNET Autonomus System, BA
NA,1,4,4,3,4,7,8,8,8,8,9,11,15,16,16,19,16,18,16,22,24,24,29
NA,7172,1631,1840,3598,2772,1924,1990,2329,2725,3065,3225,3408,3032,3310,3543,3825,4915,5007,6171,5873,5373,5855,4793

2457 : FR-RAIMU-2 Reseau de collecte des Universites dAix Marseille, EU
1,2,2,1,NA,NA,NA,NA,NA,NA,2,2,1,1,1,NA,NA,NA,1,1,1,1,NA,1
5001,2825,3490,11351,NA,NA,NA,NA,NA,NA,9029,10087,27926,29754,32385,NA,NA,NA,40889,43018,45294,47627,NA,47188

3458 : VWNA-AS, US
1,NA,1,2,2,2,2,2,2,2,2,2,1,1,1,1,1,1,1,1,1,3,2,2
5327,NA,9523,5009,5354,7967,9020,9867,10820,11969,12592,13783,31087,33084,31549,31929,35544,37549,40056,42205,44434,20960,31738,26123

45012 : CLOUDPIT, DE
NA,NA,NA,NA,NA,NA,NA,NA,NA,3,3,9,6,6,5,6,8,4,4,NA,1,2,2,4
NA,NA,NA,NA,NA,NA,NA,NA,NA,8284,8760,3244,5007,5463,6825,6128,6004,10154,11581,NA,55737,38229,38931,16953

31195 : MF-DV-AS, RU
NA,NA,NA,NA,NA,1,2,2,2,2,2,3,5,5,5,7,11,16,19,18,22,16,19,17
NA,NA,NA,NA,NA,18439,13651,14860,16370,19043,20208,9791,5738,6325,7662,5942,5272,5002,4941,5931,5958,7712,7423,7472

21742 : ELANY-NY-NET01, US
NA,NA,2,2,2,1,1,NA,3,2,2,2,2,2,2,2,2,2,4,4,3,1,2,2
NA,NA,5413,5841,6005,16217,18198,NA,5002,12183,12776,13931,15150,16212,18557,22359,24611,25336,12186,13359,16804,54446,40073,28690

198191 : GMS, LU
NA,NA,NA,NA,NA,NA,NA,NA,NA,NA,NA,NA,NA,2,14,16,20,23,30,42,30,14,18,28
NA,NA,NA,NA,NA,NA,NA,NA,NA,NA,NA,NA,NA,21990,3657,3527,3742,4055,3831,3648,5008,8123,7615,5040

11644 : Nucleo de Inf. e Coord. do Ponto BR - NIC., BR
NA,1,NA,NA,NA,NA,NA,NA,1,1,1,1,1,31,43,55,45,51,61,69,86,38,40,28
NA,8300,NA,NA,NA,NA,NA,NA,19462,21571,23206,25440,27640,1609,1569,1505,2038,2621,1995,2044,2015,3459,3578,5009

393424 : AS-TORIX-SVC, CA
NA,NA,NA,NA,NA,NA,NA,NA,NA,NA,NA,NA,NA,NA,NA,9,2,3,2,11,20,18,18,18
NA,NA,NA,NA,NA,NA,NA,NA,NA,NA,NA,NA,NA,NA,NA,5010,32844,17265,36595,7597,6149,7070,7491,7140

32976 : DRSLLC-AS, US
NA,NA,NA,NA,NA,NA,2,2,3,3,5,5,7,8,6,7,5,5,4,NA,NA,NA,NA,NA
NA,NA,NA,NA,NA,NA,14174,15504,5592,6225,4406,5006,4612,4583,6453,5760,8515,9139,12020,NA,NA,NA,NA,NA

30745 : SITENETWORK-AS Sakhalin, Russia, RU
NA,NA,NA,NA,1,5,6,3,5,4,4,3,1,1,3,2,2,2,2,3,3,2,2,2
NA,NA,NA,NA,14941,2187,2140,5010,3551,4933,5281,7724,35746,38387,11989,15496,17714,18154,20598,16896,17430,37407,37991,30416

33174 : PRINCE-WILLIAM-COUNTY-VA-ASN, US
NA,NA,NA,NA,NA,NA,NA,NA,NA,4,7,6,6,6,1,1,1,1,NA,NA,2,3,2,3
NA,NA,NA,NA,NA,NA,NA,NA,NA,4496,3281,4164,5002,5454,33678,33871,37695,39799,NA,NA,30352,21425,32252,21280

12565 : GROUPE_LDLC, FR
2,2,6,3,9,7,1,NA,NA,NA,2,2,8,10,17,7,10,18,12,20,16,8,34,24
3231,5011,1171,2617,1097,1648,19924,NA,NA,NA,9733,10854,3969,3781,3141,5496,5375,4612,6314,5585,6768,10192,4212,5712

10452 : FritzWare S.R.L., AR
2,2,1,1,1,1,3,6,7,7,7,5,1,2,2,NA,5,1,3,2,NA,NA,NA,NA
3922,6056,12306,14362,16157,16607,4383,2568,2637,3058,3435,5005,37202,27265,15242,NA,8875,45052,15735,21905,NA,NA,NA,NA

203969 : YMC-AS, CH
NA,NA,NA,NA,NA,NA,NA,NA,NA,NA,NA,NA,NA,NA,NA,NA,2,2,28,36,36,39,34,28
NA,NA,NA,NA,NA,NA,NA,NA,NA,NA,NA,NA,NA,NA,NA,NA,19168,19815,3935,4094,4423,3358,4207,5003

3297 : SG_PRIV_CH SG Private Banking Suisse SA, FR
NA,NA,2,2,2,2,2,2,2,2,2,2,2,2,1,2,2,NA,1,2,2,2,2,2
NA,NA,4432,5006,5350,6406,7471,8378,9409,10602,11269,12498,13840,17148,34831,15799,18098,NA,44093,32090,33783,35326,36114,26108

2478 : FR-RENATER-R3T2-SOPHIA Reseau Regional R3T2, EU
1,1,2,NA,NA,NA,NA,NA,NA,NA,NA,NA,NA,NA,NA,NA,NA,NA,NA,NA,NA,NA,NA,NA
5004,7673,6457,NA,NA,NA,NA,NA,NA,NA,NA,NA,NA,NA,NA,NA,NA,NA,NA,NA,NA,NA,NA,NA

29465 : VCG-AS, NG
NA,NA,NA,NA,NA,1,2,3,3,4,7,7,5,12,16,20,23,28,32,36,30,37,48,48
NA,NA,NA,NA,NA,18055,14585,6527,7447,4923,3285,3756,5451,3521,3330,3058,3426,3579,3708,4157,5001,3563,3062,2961

40414 : OPTIVON, PR
NA,NA,NA,NA,NA,NA,NA,NA,2,2,4,5,6,4,4,4,4,4,5,4,4,4,4,3
NA,NA,NA,NA,NA,NA,NA,NA,11330,12436,4826,5004,5070,7436,9644,8770,10938,10942,10844,14234,14684,14974,15771,17961

52799 : ADENTRO DATA CENTER SOLUTIONS LTDA, BR
NA,NA,NA,NA,NA,NA,NA,NA,NA,NA,NA,NA,NA,1,8,8,2,2,4,8,16,10,10,6
NA,NA,NA,NA,NA,NA,NA,NA,NA,NA,NA,NA,NA,39332,5002,5206,34367,36234,11738,8633,6806,9262,9952,12307

200428 : SOUTHERNHILL, NL
NA,NA,NA,NA,NA,NA,NA,NA,NA,NA,NA,NA,NA,NA,NA,NA,29,27,25,37,36,2,2,28
NA,NA,NA,NA,NA,NA,NA,NA,NA,NA,NA,NA,NA,NA,NA,NA,2880,3601,4171,4009,4422,26844,26846,5001

26024 : VIEWQ-NET, US
NA,NA,NA,2,1,2,2,2,3,2,2,1,1,NA,NA,NA,NA,NA,NA,NA,NA,NA,NA,NA
NA,NA,NA,7087,12272,8347,9393,10197,5005,12257,12843,27068,29469,NA,NA,NA,NA,NA,NA,NA,NA,NA,NA,NA

9230 : BOL-BD-AP Bangladesh Online Ltd., BD
NA,NA,1,2,2,2,2,3,3,4,4,4,4,9,8,9,11,13,12,14,18,26,26,23
NA,NA,10603,8691,9384,10719,11859,6138,6984,5461,5940,5999,6694,4216,5197,5005,5256,5489,6325,6804,6550,5186,5665,5772

2495 : KANREN, US
5,5,8,6,8,7,7,7,11,11,12,15,15,16,15,19,17,17,18,18,18,20,19,22
651,1092,867,1328,1180,1614,1862,2143,1705,2058,2135,2177,2630,2775,3392,3092,4095,4747,5005,5847,6451,6545,7182,5975

25563 : WEBLAND-AS CH-4142 Muenchenstein, CH
NA,NA,NA,NA,2,2,2,1,2,4,8,10,12,16,14,8,20,24,20,26,28,32,40,6
NA,NA,NA,NA,8430,9630,10685,19703,12655,4739,3083,3010,3201,2835,3662,5353,3693,3904,4769,5002,5207,4143,3573,12563

44417 : NEOTELECOM-AS, RU
NA,NA,NA,NA,NA,NA,NA,NA,NA,2,2,2,1,2,2,2,12,19,15,10,21,8,7,3
NA,NA,NA,NA,NA,NA,NA,NA,NA,17046,17989,15538,39904,25412,27801,28053,5006,4492,5558,7770,5999,10072,11426,21778

3136 : STATE-OF-WISCONSIN-AS1, US
1,1,1,1,3,3,2,2,2,2,1,1,1,1,1,2,2,2,2,2,2,2,2,2
5006,7676,9918,11354,2787,3397,9938,10778,11703,12908,23485,25707,27933,29763,32393,19098,21479,22349,24759,26358,27782,29425,29735,26095

16682 : HAGGAR, US
NA,2,2,1,1,NA,NA,1,1,1,1,1,1,NA,NA,NA,NA,NA,NA,NA,1,1,1,1
NA,4213,5001,10551,11692,NA,NA,20285,22289,24754,26653,29004,31538,NA,NA,NA,NA,NA,NA,NA,43434,45766,46794,49178

19467 : PL-892-19467, CA
NA,NA,1,NA,NA,NA,NA,NA,NA,NA,NA,NA,7,3,3,9,11,15,17,15,11,13,13,13
NA,NA,9223,NA,NA,NA,NA,NA,NA,NA,NA,NA,4586,9396,11967,5009,5261,5054,5184,6425,8268,8320,8927,8948

8103 : STATE-OF-FLA, US
NA,NA,1,1,1,1,1,1,2,5,11,12,15,12,14,11,12,12,11,12,12,14,9,11
NA,NA,11256,12752,14036,16036,18019,19899,15528,3923,2414,2648,2736,3562,3667,4471,5003,5728,6404,7078,7826,7984,10252,9356

132895 : PCPL-AS-AP Prodigy Communications Pty Ltd, AU
NA,NA,NA,NA,NA,NA,NA,NA,NA,NA,NA,NA,NA,NA,2,3,2,12,14,18,14,24,29,37
NA,NA,NA,NA,NA,NA,NA,NA,NA,NA,NA,NA,NA,NA,27296,13867,25640,5701,5804,5911,7383,5507,5010,3853

35639 : CBRT, UA
NA,NA,NA,NA,NA,NA,2,3,2,2,1,1,NA,NA,NA,NA,1,1,NA,NA,NA,NA,NA,NA
NA,NA,NA,NA,NA,NA,6224,5007,17702,19531,30872,33447,NA,NA,NA,NA,47789,50417,NA,NA,NA,NA,NA,NA

11744 : INVESTEC, ZA
1,1,1,1,1,NA,NA,NA,2,2,2,4,4,4,4,6,6,6,6,6,6,38,7,28
5855,8702,10026,11480,12646,NA,NA,NA,12155,13416,14063,5541,6295,6950,8593,6232,7312,8093,9019,10014,10813,3477,12085,5010

7604 : ZETTAGRID-AS ZETTAGRID CLOUD, AU
1,2,3,2,2,2,3,4,4,5,7,22,21,23,26,26,30,31,34,31,30,39,41,48
6206,4528,2980,6600,6776,7809,4966,3681,4232,3931,3372,1637,2113,2151,2301,2478,2839,3328,3561,4575,5002,3401,3534,2966

21103 : PRIMTEL-AS Sakhalin, RU
NA,NA,NA,1,1,2,2,2,2,NA,NA,NA,1,7,7,5,7,5,4,4,4,4,6,2
NA,NA,NA,13851,15406,12422,13930,15205,16780,NA,NA,NA,35741,5005,5718,7387,6858,9438,12904,14131,14544,14835,12625,24588

26447 : SHUTTERFLY, US
NA,NA,NA,NA,2,2,2,2,4,4,4,4,2,3,5,7,7,4,3,4,4,5,5,3
NA,NA,NA,NA,8821,10072,6504,7313,4444,5010,5527,6203,17774,9788,6715,5963,6455,11879,18034,15121,15803,13810,14302,20949

18723 : SEAGATE-USA-CA-1, US
NA,2,2,5,9,10,10,9,8,9,9,9,12,12,12,16,17,16,14,13,10,12,8,9
NA,4340,5151,1706,1124,1276,1489,1865,2391,2536,2857,3302,3243,3589,4026,3635,4182,5004,5853,7072,8890,8834,11286,10609

16699 : US-HENSELPHELPS-AS01, US
NA,2,2,1,1,2,2,2,1,1,1,1,1,1,1,NA,NA,NA,NA,NA,NA,2,2,1
NA,4217,5003,11837,13062,9086,10144,11006,24611,27404,29426,31902,34536,36808,39290,NA,NA,NA,NA,NA,NA,27397,27477,49180

49666 : TIC-GW-AS, IR
NA,NA,NA,NA,NA,NA,NA,NA,NA,NA,2,2,2,1,2,1,1,NA,NA,48,30,40,246,203
NA,NA,NA,NA,NA,NA,NA,NA,NA,NA,19274,20991,22675,34545,26428,44970,50680,NA,NA,2830,5006,3319,680,851

208954 : UPITER-NET UpiterTelecom Ltd., RU
NA,NA,NA,NA,NA,NA,NA,NA,NA,NA,NA,NA,NA,NA,NA,NA,NA,NA,NA,NA,NA,17,20,28
NA,NA,NA,NA,NA,NA,NA,NA,NA,NA,NA,NA,NA,NA,NA,NA,NA,NA,NA,NA,NA,7292,6837,5006

52950 : Fund. de Apoio a Pesq. C&T do Est. de SC - FAPESC, BR
NA,NA,NA,NA,NA,NA,NA,NA,NA,NA,NA,NA,NA,11,8,6,8,7,5,5,8,8,10,5
NA,NA,NA,NA,NA,NA,NA,NA,NA,NA,NA,NA,NA,3670,5004,6189,6058,7350,10001,11019,9484,10407,9953,13094

262663 : METROFLEX TELECOMUNICACOES LTDA, BR
NA,NA,NA,NA,NA,NA,NA,NA,NA,NA,2,1,25,32,8,7,10,14,15,1,1,1,2,75
NA,NA,NA,NA,NA,NA,NA,NA,NA,NA,9535,34094,1712,1567,5007,5675,5411,5208,5539,59983,62902,65649,45468,2199

61786 : E. D. SERVICOS DE COMUNICACOES LTDA, BR
NA,NA,NA,NA,NA,NA,NA,NA,NA,NA,NA,NA,NA,NA,NA,NA,1,2,1,5,6,30,29,22
NA,NA,NA,NA,NA,NA,NA,NA,NA,NA,NA,NA,NA,NA,NA,NA,47403,35244,58419,11407,10913,4444,5008,6014

6295 : LUNAVI-WA, US
4,3,3,2,2,2,15,15,20,17,20,19,16,24,24,22,20,15,12,18,19,40,13,45
984,1702,2101,5043,5379,6437,1032,1175,1134,1568,1452,1845,2576,2054,2400,2747,3652,5007,6246,5854,6294,3282,8932,3143

135150 : HILLSIDE-NEW-MEDIA-AS-AP Hillside Australia New Media Pty Ltd, AU
NA,NA,NA,NA,NA,NA,NA,NA,NA,NA,NA,NA,NA,NA,NA,NA,NA,19,18,15,15,22,22,NA
NA,NA,NA,NA,NA,NA,NA,NA,NA,NA,NA,NA,NA,NA,NA,NA,NA,4465,5001,6410,7023,5847,6337,NA

8913 : IPNET, CZ
1,2,1,3,1,1,3,3,3,7,5,11,14,13,15,15,7,11,7,17,21,21,29,20
4903,5008,9796,3473,13574,15575,3880,4690,5312,2940,4134,2763,2803,3321,3415,3669,6652,5855,8454,6066,6085,6307,5038,6578

33362 : WIKTEL, US
NA,NA,NA,NA,NA,2,2,2,2,3,3,4,6,7,7,7,6,6,16,21,41,40,36,39
NA,NA,NA,NA,NA,5180,5924,6715,7647,5590,6055,5369,5003,4891,5589,5782,7478,8252,5321,5491,4115,3297,4007,3557

21994 : UBSPRIMEBROKERAGE, US
NA,NA,2,4,5,5,2,3,3,4,4,4,4,4,4,4,1,NA,NA,NA,NA,NA,NA,NA
NA,NA,5445,2186,1917,2338,6435,5132,5820,5003,5516,6192,6936,7674,9963,9076,35239,NA,NA,NA,NA,NA,NA,NA

208314 : ACCESSTELECOM, RU
NA,NA,NA,NA,NA,NA,NA,NA,NA,NA,NA,NA,NA,NA,NA,NA,NA,NA,NA,NA,1,1,18,28
NA,NA,NA,NA,NA,NA,NA,NA,NA,NA,NA,NA,NA,NA,NA,NA,NA,NA,NA,NA,65309,68406,7489,5005

22486 : VEGAS-IX-ROUTE-SERVERS, US
NA,NA,1,2,2,2,2,2,2,2,2,1,1,1,1,3,2,2,2,NA,NA,NA,NA,NA
NA,NA,8855,4806,5004,5974,6995,7888,8948,10093,10750,24546,26765,28657,31297,11923,19514,20248,22738,NA,NA,NA,NA,NA

28859 : ZUGERNET, CH
NA,NA,NA,NA,2,2,2,5,6,6,6,10,16,14,12,11,3,8,8,26,32,7,2,3
NA,NA,NA,NA,6745,7736,13524,3018,2943,3340,3726,2968,2583,3135,3963,4430,13022,6878,7843,5003,4832,10916,43101,19226

15378 : TELE2-RU-AS Tele2 Russia Network, RU
NA,NA,1,1,NA,2,1,3,2,2,3,1,1,1,1,3,5,4,68,83,12,20,22,24
NA,NA,10095,13268,NA,12838,21364,5002,7886,8904,6849,33056,35829,38198,40669,14423,8843,10893,1780,1849,8140,6654,6488,5713

12683 : STATEL-AS PJSC Rostelecom Stavropol, RU
1,1,1,1,1,2,5,4,5,4,5,4,5,7,7,7,7,7,6,7,5,4,3,3
6297,9291,11640,13242,14664,5297,2648,3710,3490,4801,4422,6043,5746,5010,5717,5914,6903,7704,9482,9506,12506,15001,18891,17763

18850 : TOOLWIRE, US
NA,2,1,1,1,1,1,1,NA,NA,NA,1,1,2,2,2,2,2,1,1,1,2,1,NA
NA,5001,10491,11959,13065,14979,16799,18488,NA,NA,NA,31101,33708,19297,21376,21562,23400,24488,41895,43973,46316,31560,49621,NA

10278 : CWWI-AS, BB
NA,NA,NA,NA,NA,NA,NA,NA,3,4,4,4,6,7,6,6,6,4,7,5,5,6,5,5
NA,NA,NA,NA,NA,NA,NA,NA,5584,4856,5343,6016,5069,5001,6451,6538,7644,10939,8381,11746,12469,11836,13865,12969

16629 : CTC. CORP S.A. TELEFONICA EMPRESAS, CL
NA,2,2,5,6,6,5,5,7,7,9,13,11,12,13,11,13,16,17,26,31,33,30,29
NA,2928,3608,1673,1572,1941,2622,2995,2613,3036,2818,2509,3424,3566,3840,4467,4801,4994,5267,5006,4926,4012,4928,4775

3584 : PUBNIX2-ASN, CA
NA,NA,2,2,2,2,2,2,2,1,1,2,2,3,2,2,3,3,2,4,2,2,2,2
NA,NA,4435,5010,10047,6411,7475,8382,9414,27323,29330,17773,19135,11409,22509,22658,15224,15369,26078,13032,29066,30590,30851,26128

12302 : VODAFONE_RO Charles de Gaulle nr.15, RO
3,2,3,9,9,12,14,25,25,33,31,45,60,69,80,77,86,93,92,95,97,89,249,226
1656,5009,3081,909,1072,1070,1092,834,968,925,1041,882,846,888,934,1061,1136,1157,1252,1737,1836,1875,666,763

33483 : GREAT-PLAINS-COMMUNICATIONS-AS-33483, US
NA,NA,NA,NA,NA,NA,NA,NA,NA,NA,NA,NA,NA,NA,1,6,30,29,28,29,34,26,3,NA
NA,NA,NA,NA,NA,NA,NA,NA,NA,NA,NA,NA,NA,NA,30930,6085,2784,3445,3930,4686,4583,5006,18975,NA

25002 : LINEACOM-AS, IT
NA,NA,NA,1,2,3,3,3,3,3,5,5,5,6,6,5,5,38,40,52,53,59,59,4
NA,NA,NA,14173,11187,3856,4449,5008,5025,5683,4083,4630,5355,5201,6052,6845,7955,2962,3258,2526,3542,2425,2576,14714

8257 : SLOVANET-BROADBAND www.slovanet.net, SK
1,2,2,3,NA,NA,NA,NA,NA,NA,1,1,1,1,1,1,1,1,1,1,1,1,1,1
4900,5004,8193,3514,NA,NA,NA,NA,NA,NA,27622,30003,32591,34679,37013,37145,41379,43767,46192,48455,50853,53040,54374,47754

11114 : WINTEK-CORP, US
2,1,2,2,3,3,3,4,5,5,7,7,8,9,9,17,28,24,22,44,47,53,58,52
3021,7379,6055,6707,3675,3342,5003,3645,3229,3666,3160,3627,3965,4003,4535,3358,2934,3877,4462,3341,3756,2638,2599,2806

20002 : Telstar S.A., UY
NA,NA,1,3,2,2,3,6,4,4,4,5,8,5,6,6,5,5,9,9,11,11,11,9
NA,NA,12507,2739,4584,11177,5727,2522,4317,4860,5352,5008,4222,6317,6456,6558,8902,9498,7439,8421,8481,9091,9777,10584

47850 : TAU-AS, PL
NA,NA,NA,NA,NA,NA,NA,NA,NA,1,2,2,6,4,6,6,5,7,6,4,6,6,7,6
NA,NA,NA,NA,NA,NA,NA,NA,NA,28410,21197,23193,5008,7290,5988,6129,8397,7469,9109,15070,10865,11540,11819,12598

16399 : FIRSTCOMM-AS2, US
NA,2,2,5,6,6,6,10,6,4,4,4,4,5,6,7,8,7,7,7,8,8,9,10
NA,5534,7110,1486,1437,1743,2001,1569,2689,4581,5001,5633,6385,5854,6042,5709,6095,7400,8226,9204,9525,9996,10256,9760

16705 : LOGIC-CAYMAN-TELECAYMAN, KY
NA,NA,2,2,2,2,1,NA,NA,1,1,1,1,1,1,1,1,1,1,1,1,1,1,1
NA,NA,5005,5492,5749,6750,18153,NA,NA,22668,24431,25277,27493,29326,43761,33567,37408,40117,54543,57010,59617,62203,63915,49181

25961 : ALYRICA, US
NA,NA,NA,NA,NA,NA,NA,NA,NA,1,2,2,2,2,3,4,3,4,4,11,6,26,27,5
NA,NA,NA,NA,NA,NA,NA,NA,NA,29151,21439,23524,25508,27224,12045,8558,14005,10044,13375,7349,10580,5005,5325,13675

206281 : AS-ZXCS, NL
NA,NA,NA,NA,NA,NA,NA,NA,NA,NA,NA,NA,NA,NA,NA,NA,NA,NA,29,41,38,22,3,28
NA,NA,NA,NA,NA,NA,NA,NA,NA,NA,NA,NA,NA,NA,NA,NA,NA,NA,3864,3696,4291,5982,23506,5004

2475 : FR-RENATER-SRHD3 Reseau Regional Poitou Charentes, EU
1,2,NA,NA,NA,NA,NA,NA,NA,NA,NA,NA,NA,NA,NA,NA,NA,NA,NA,NA,NA,NA,NA,NA
5002,2826,NA,NA,NA,NA,NA,NA,NA,NA,NA,NA,NA,NA,NA,NA,NA,NA,NA,NA,NA,NA,NA,NA

22562 : CSC-IGN-EMEA-AS22562, US
NA,NA,NA,NA,2,3,3,3,3,3,4,4,3,3,5,5,5,5,6,6,3,4,3,3
NA,NA,NA,NA,8658,3523,4049,4562,5172,5816,5005,5641,7975,8708,7175,7033,8297,9008,9147,10103,16708,14413,18136,17823

