35028 : MULTIPLAY, DK
NA,NA,NA,NA,NA,NA,49,54,62,63,74,85,110,128,75,87,26,46,92,24,16,100,NA,NA
NA,NA,NA,NA,NA,NA,399,447,461,523,466,394,360,366,1005,898,3088,2743,1241,5126,6744,1614,NA,NA

4678 : FINE Canon IT Solutions Inc., JP
4,6,7,12,6,7,10,12,14,11,11,13,13,13,14,6,6,4,3,9,6,10,12,18
859,901,1003,736,1481,1616,1432,1406,1463,2124,2354,2465,2945,3315,3598,6351,7490,10540,15208,8291,11008,9336,9348,7188

9120 : KEEPIT-DK-CPH Per Henrik Lings Alle 4, 7., DK
2,4,6,6,7,13,12,14,13,13,13,10,4,4,9,9,13,12,11,13,55,38,40,29
1891,1397,1170,1350,1288,1005,1220,1236,1538,1879,2076,2939,6547,7244,4671,4882,4719,5599,6472,6934,3471,3481,3611,4854

21548 : MTO, CA
NA,NA,2,3,8,13,15,20,17,29,29,22,38,39,42,37,37,34,36,38,40,21,8,7
NA,NA,7140,3259,1146,997,1061,960,1257,1010,1066,1582,1181,1343,1621,2009,2466,3151,3465,3948,4174,6247,11197,11337

9186 : ONI Lisbon, Portugal., PT
1,5,7,9,14,28,28,23,27,33,22,20,15,14,12,8,19,23,21,24,26,23,33,32
6343,1088,1002,935,771,574,672,862,911,912,1325,1739,2652,3118,3896,5386,3891,4062,4655,5209,5426,5798,4415,4375

8839 : SDV-AS SdV Plurimedia, FR
3,2,4,5,6,9,13,7,11,17,19,22,21,23,78,93,128,118,113,158,161,121,135,133
1683,5421,1943,1728,1441,1281,1123,2050,1710,1554,1506,1567,2050,2100,955,819,652,843,905,934,1003,1295,1239,1284

5622 : THOMSON-REUTERS, GB
4,4,3,3,4,4,4,3,3,NA,NA,NA,NA,NA,NA,NA,NA,NA,NA,NA,NA,NA,NA,NA
1004,1579,2923,3294,2486,3035,3516,5591,6389,NA,NA,NA,NA,NA,NA,NA,NA,NA,NA,NA,NA,NA,NA,NA

16065 : AS16065, NO
NA,1,3,4,7,13,12,13,14,12,13,9,7,4,NA,4,5,5,6,1,1,1,NA,2
NA,9260,2253,1937,1328,1009,1252,1345,1425,1985,2026,3062,4556,7246,NA,7996,7919,8783,8741,61261,64278,67165,NA,24539

49102 : CONNECTED, PL
NA,NA,NA,NA,NA,NA,NA,NA,NA,NA,17,17,24,32,36,22,27,117,25,18,86,156,160,248
NA,NA,NA,NA,NA,NA,NA,NA,NA,NA,1729,2042,1836,1536,1877,2864,3071,864,4214,5920,2023,1006,1065,673

15205 : NCPDAS, US
NA,3,7,NA,NA,NA,NA,NA,NA,NA,NA,NA,NA,NA,NA,NA,NA,2,2,2,3,2,2,2
NA,1904,1009,NA,NA,NA,NA,NA,NA,NA,NA,NA,NA,NA,NA,NA,NA,21015,23492,25063,19298,44262,45147,27535

8445 : SALZBURG-AG-AS, AT
2,5,9,8,9,15,25,26,38,41,37,37,38,35,40,37,30,30,27,25,21,26,105,107
4178,1117,771,1005,1055,883,729,813,744,785,921,1030,1179,1424,1737,1998,2811,3395,4003,5034,6006,5040,1743,1711

27191 : LLNW-IAD, US
NA,NA,NA,NA,10,NA,NA,NA,NA,NA,NA,NA,NA,NA,NA,NA,NA,NA,NA,NA,NA,NA,NA,NA
NA,NA,NA,NA,1005,NA,NA,NA,NA,NA,NA,NA,NA,NA,NA,NA,NA,NA,NA,NA,NA,NA,NA,NA

29691 : NINE, CH
NA,NA,NA,NA,10,5,5,9,10,17,26,32,41,29,35,31,40,45,39,138,164,190,224,198
NA,NA,NA,NA,1006,2126,2432,1758,1917,1579,1169,1138,1141,1769,1924,2188,2358,2765,3313,1151,972,825,745,891

3340 : MAGYAR-TELEKOM-GTS-AS ex GTS-Datanet, HU
9,4,4,13,16,17,18,19,24,30,35,45,45,39,NA,NA,NA,NA,NA,NA,NA,NA,NA,NA
358,1407,1627,691,707,829,909,1020,1006,997,963,879,1080,1341,NA,NA,NA,NA,NA,NA,NA,NA,NA,NA

6517 : -Reserved AS-, ZZ
2,12,80,96,135,158,160,178,203,213,205,181,170,129,105,99,94,85,34,15,NA,NA,NA,NA
3615,448,82,91,82,99,115,121,128,133,151,184,234,364,615,753,1009,1314,3581,6494,NA,NA,NA,NA

4837 : CHINA169-BACKBONE CHINA UNICOM China169 Backbone, CN
NA,NA,1,1,17,27,45,59,79,74,84,88,99,97,90,101,116,162,161,191,185,157,161,166
NA,NA,10509,11972,649,601,437,383,330,411,387,380,409,515,781,727,763,463,486,674,821,1001,1056,1044

28947 : INTURAL-AS ZAO InT, RU
NA,NA,NA,NA,1,NA,5,18,24,15,8,6,6,5,2,2,2,2,2,2,1,1,1,1
NA,NA,NA,NA,14679,NA,2501,1067,1009,1741,3105,4329,4990,6201,24445,24729,27204,28653,30669,32088,52714,54879,56333,51444

7065 : SNIC, US
2,2,2,6,12,12,13,19,26,23,24,22,29,28,23,28,26,33,23,23,20,3,3,3
2392,3630,4504,1268,846,1065,1138,1002,935,1247,1232,1581,1426,1824,2491,2288,3076,3172,4349,5221,6107,19074,19810,19960

5419 : CUCI, NL
2,3,8,14,29,44,38,36,24,31,26,2,2,2,2,1,1,1,1,1,1,1,1,2
3957,1950,897,665,430,378,533,675,1005,973,1188,23138,25052,26670,29157,41521,50935,53896,56852,59403,62191,64892,66602,26237

28745 : SUTTK-AS, RU
NA,NA,NA,NA,8,11,15,15,19,24,33,59,69,65,63,55,49,48,40,35,24,22,18,14
NA,NA,NA,NA,1234,1172,1070,1216,1192,1234,1005,667,713,942,1185,1562,1797,2712,3286,4242,5717,6128,7676,8401

29550 : SIMPLYTRANSIT, GB
NA,NA,NA,NA,NA,12,85,47,75,80,84,76,96,83,92,100,94,90,91,104,123,137,134,123
NA,NA,NA,NA,NA,1061,218,511,360,369,390,451,423,674,760,740,1007,1206,1275,1647,1411,1147,1256,1408

20473 : AS-CHOOPA, US
NA,NA,1,6,7,8,8,40,45,43,46,47,49,51,66,78,232,268,363,541,765,912,934,997
NA,NA,10495,1370,1266,1490,1722,605,634,758,778,828,1009,1127,1136,1045,301,276,225,230,198,163,178,165

8672 : A1, BG
2,6,11,8,13,18,22,23,26,29,34,9,8,7,4,1,1,1,1,1,1,NA,1,1
2452,865,630,1006,832,806,800,881,952,1030,983,3256,4212,4985,9583,37057,41270,43667,46088,48348,50749,NA,54282,47821

44684 : MYTHIC Mythic Beasts Ltd, GB
NA,NA,NA,NA,NA,NA,NA,NA,NA,8,12,17,15,13,78,80,93,77,107,186,184,640,1004,577
NA,NA,NA,NA,NA,NA,NA,NA,NA,2756,2273,2071,2735,3399,962,998,1014,1495,1002,699,832,243,166,280

7529 : NETIRD NetIRD Inc., JP
3,8,12,12,12,18,16,18,22,21,22,26,27,24,28,30,31,30,36,42,39,42,51,52
1646,669,588,723,875,801,1002,1049,1078,1369,1352,1373,1546,2069,2175,2225,2757,3367,3433,3562,4205,3125,2877,2790

47215 : FILOO-ASN Rhedaer Strasse 25, DE
NA,NA,NA,NA,NA,NA,NA,NA,NA,NA,41,46,60,86,89,80,84,76,87,159,186,212,196,237
NA,NA,NA,NA,NA,NA,NA,NA,NA,NA,859,845,830,625,793,1006,1165,1531,1357,926,819,756,882,715

42446 : VISCOMP-AS, BG
NA,NA,NA,NA,NA,NA,NA,NA,1,2,2,2,2,2,3,1,2,2,1,2,2,2,156,175
NA,NA,NA,NA,NA,NA,NA,NA,26930,20198,21639,23791,25846,27630,13447,43216,33891,35708,54027,39705,41540,43514,1100,1009

1982 : ASN-NWNEX, US
5,5,4,5,5,17,23,21,27,22,27,22,22,22,24,20,15,16,15,17,17,18,11,11
591,1004,1697,1428,1718,819,769,937,918,1309,1140,1584,1975,2188,2428,3018,4371,4907,5521,5983,6608,7052,9546,9470

15685 : CASABLANCA-AS Internet & Collocation Provider, CZ
NA,2,4,9,10,13,16,17,23,42,42,55,55,45,49,46,39,35,29,36,37,39,40,24
NA,4443,1637,930,1003,1008,995,1087,1029,773,846,714,923,1223,1371,1828,2382,3109,3876,4104,4362,3366,3583,5599

35733 : EURID ASN for EURid, BE
NA,NA,NA,NA,NA,NA,2,3,4,2,2,3,52,59,76,79,5,2,2,2,2,1,1,1
NA,NA,NA,NA,NA,NA,10047,5629,4601,11777,12336,8518,970,1025,1001,1027,7994,19179,21657,23219,24408,55656,57147,52753

35260 : IU-NET, NL
NA,NA,NA,NA,NA,NA,13,41,32,41,41,59,64,60,2,2,2,2,2,3,2,2,2,1
NA,NA,NA,NA,NA,NA,1128,590,833,784,850,653,778,1007,16270,16379,18665,36387,38736,17466,42730,44884,45794,52636

855 : CANET-ASN-4, CA
3,8,7,14,8,10,13,20,23,29,42,53,105,123,141,121,148,45,38,43,41,42,42,40
1073,654,937,635,1139,1195,1136,967,1025,1003,835,738,382,379,398,531,514,2768,3350,3450,4103,3145,3406,3449

14277 : GIGSTREEM, US
NA,3,8,8,8,17,17,17,15,12,6,9,9,9,1,NA,NA,NA,2,3,3,2,2,2
NA,1731,830,1001,1144,814,944,1079,1359,1988,3622,3116,3755,4065,35320,NA,NA,NA,21155,15615,16299,24453,25798,27334

34456 : RIALCOM-AS, RU
NA,NA,NA,NA,NA,NA,2,3,5,22,28,47,57,60,44,28,29,31,24,39,47,42,33,28
NA,NA,NA,NA,NA,NA,13758,4884,3506,1330,1111,831,901,1004,1521,2326,2897,3345,4304,3903,3769,3171,4402,4944

7586 : CLOUDFORTIT-AS-AP Cloudfort IT, CN
33,45,24,21,16,13,12,5,3,2,NA,NA,NA,NA,NA,NA,NA,NA,NA,NA,NA,NA,1,4
93,117,284,421,689,1001,1279,3004,5424,17514,NA,NA,NA,NA,NA,NA,NA,NA,NA,NA,NA,NA,70138,15077

58952 : FRONTIIRCOLTD-MM Frontiir Co. Ltd, MM
NA,NA,NA,NA,NA,NA,NA,NA,NA,NA,NA,NA,NA,NA,NA,1,4,88,77,150,153,793,860,897
NA,NA,NA,NA,NA,NA,NA,NA,NA,NA,NA,NA,NA,NA,NA,45938,11206,1246,1608,1010,1094,193,203,184

45325 : PC24NET-AS-ID PT PC24 Telekomunikasi Indonesia, ID
NA,NA,NA,NA,NA,NA,NA,NA,NA,NA,3,2,2,3,3,3,3,3,4,3,5,163,175,4
NA,NA,NA,NA,NA,NA,NA,NA,NA,NA,8930,23389,25363,9571,14632,14743,17077,17492,14300,20953,13094,978,1002,15168

12179 : INTERNAP-2BLK, US
12,26,30,33,40,42,41,46,44,51,46,42,49,61,65,62,68,67,62,58,54,43,42,33
254,211,227,249,295,388,481,525,647,661,772,923,1002,984,1142,1300,1423,1707,1953,2273,3497,3057,3383,4241

9503 : TWO-DEGREES-AS-AP Two Degress Mobile Limited, NZ
1,2,2,1,1,1,3,6,18,20,33,40,48,67,84,80,81,67,66,47,37,16,1,NA
5584,5971,7665,12110,13334,15283,4968,2376,1224,1428,997,973,1032,919,871,1010,1219,1726,1856,3054,4404,7705,55337,NA

33363 : BHN-33363, US
NA,NA,NA,NA,NA,NA,4,12,25,45,52,47,66,72,71,86,94,91,78,85,79,82,80,85
NA,NA,NA,NA,NA,NA,3343,1384,963,730,699,825,737,833,1069,915,1004,1181,1577,1829,2130,1972,2102,2030

29838 : AMC, US
NA,NA,NA,NA,4,13,25,22,41,54,58,64,65,71,75,80,121,201,196,265,317,402,477,478
NA,NA,NA,NA,2561,1038,743,910,705,610,629,573,753,846,1008,1002,716,360,377,445,437,379,335,326

12941 : INTERSAAR-AS, DE
NA,3,2,2,4,5,4,4,5,5,5,4,4,70,75,74,83,83,89,147,124,121,126,122
NA,2582,7035,7938,2159,2205,3091,3489,3323,3777,4168,5615,6041,856,1004,1087,1170,1335,1296,1041,1393,1296,1355,1422

19108 : SUDDENLINK-COMMUNICATIONS, US
NA,1,2,4,6,7,8,6,21,23,34,60,77,85,97,93,94,101,102,115,118,110,108,111
NA,9078,8026,1996,1573,1704,1778,2479,1109,1261,970,631,574,644,700,834,1008,1045,1084,1471,1472,1442,1676,1640

14710 : ASN-CXA-OM-14710-CBS, US
NA,2,3,3,5,9,16,19,25,30,33,30,32,31,NA,NA,NA,NA,NA,NA,NA,NA,NA,NA
NA,6223,2209,2505,1781,1352,1013,1021,977,998,1002,1210,1351,1663,NA,NA,NA,NA,NA,NA,NA,NA,NA,NA

20959 : TELECOM-ITALIA-DATA-COM, IT
NA,NA,4,12,14,17,16,14,3,4,6,4,4,4,3,3,3,3,2,1,1,1,1,NA
NA,NA,1736,748,781,825,1009,1259,5137,4542,3668,5609,6359,7038,10897,10367,12428,12755,26250,43653,45985,48305,49299,NA

11486 : COLO-PREM-VZB, US
1,7,15,27,30,37,42,47,54,59,57,50,49,39,42,42,41,37,36,33,30,19,3,2
4493,747,471,325,412,464,466,516,542,560,642,795,1008,1328,1622,1886,2313,3014,3451,4359,4954,6811,17832,24496

34863 : HEXANET, FR
NA,NA,NA,NA,NA,NA,2,2,2,2,2,3,18,65,76,81,97,105,128,196,254,294,254,167
NA,NA,NA,NA,NA,NA,6685,7497,8483,9555,10148,6738,2344,927,995,983,969,1005,716,653,552,519,652,1039

50056 : AI-NET, GB
NA,NA,NA,NA,NA,NA,NA,NA,NA,NA,NA,16,21,60,66,111,147,138,150,152,164,9,3,NA
NA,NA,NA,NA,NA,NA,NA,NA,NA,NA,NA,2132,2079,1009,1140,619,516,592,542,995,975,9895,19190,NA

57 : NL-GIGAPOP, US
NA,10,8,13,10,17,30,32,28,29,27,29,39,44,45,37,32,37,39,34,34,36,37,41
NA,534,811,676,976,809,640,719,889,1002,1124,1213,1160,1243,1475,1984,2644,2999,3288,4245,4571,3585,3844,3362

21171 : SCHIBSTED Schibsted ASA Autonomous system, Oslo, Norway, NO
NA,NA,1,2,4,13,10,10,11,8,8,8,6,8,8,8,8,8,16,20,16,16,1,1
NA,NA,11690,7357,2151,1010,1419,1621,1760,2675,2966,3390,4824,4385,5010,5213,6040,6868,5348,5601,6790,7526,60792,50007

47480 : BLUETIGERSOLUTIONS-AS, GB
NA,NA,NA,NA,NA,NA,NA,NA,NA,1,5,63,72,87,91,91,94,90,95,129,116,108,134,140
NA,NA,NA,NA,NA,NA,NA,NA,NA,22628,3999,587,641,608,765,850,1003,1194,1192,1296,1508,1483,1254,1205

1237 : KREONET-AS-KR KISTI, KR
4,10,29,31,21,45,30,36,40,37,35,38,37,35,36,36,38,38,38,35,34,37,53,51
817,557,237,278,557,358,648,672,722,851,958,1008,1209,1427,1880,2026,2426,2976,3361,4184,4604,3526,2790,2833

12654 : RIPE-NCC-RIS-AS Reseaux IP Europeens Network Coordination Centre RIPE NCC, NL
NA,NA,NA,21,32,70,57,69,88,71,63,60,65,62,75,73,87,94,94,118,134,123,129,117
NA,NA,NA,414,383,220,318,316,292,441,579,638,756,970,1009,1111,1112,1139,1215,1431,1281,1270,1318,1517

4723 : DOLPHIN Dolphin, JP
2,3,7,3,1,5,5,5,5,5,5,5,8,7,7,7,7,6,6,6,6,6,5,5
3303,1825,1005,2556,12510,2136,2439,2790,3268,3704,4104,4670,4043,4807,5477,5683,6612,8050,8975,9984,10787,11465,13350,13637

34746 : AXA_INSURANCE, GB
NA,NA,NA,NA,NA,NA,40,56,44,36,38,38,41,37,40,73,79,76,84,106,104,94,105,117
NA,NA,NA,NA,NA,NA,505,420,653,871,908,1005,1134,1366,1735,1107,1249,1535,1426,1613,1690,1742,1740,1521

44313 : SETSERVICE, BG
NA,NA,NA,NA,NA,NA,NA,NA,NA,1,1,1,2,2,2,2,2,2,2,2,2,2,174,6
NA,NA,NA,NA,NA,NA,NA,NA,NA,26958,28925,31355,24015,25563,27967,28219,31062,32725,34796,36392,38114,39907,1009,12432

17996 : UIINET-ID-AP PT Global Prima Utama, ID
NA,NA,NA,2,NA,2,3,2,3,2,2,2,8,3,3,3,3,6,107,6,5,6,9,11
NA,NA,NA,10073,NA,12497,5456,13061,6987,15883,16713,20204,4138,11487,13827,13804,15765,8277,1009,10231,12374,11774,10534,9420

200020 : NBIP-AS, NL
NA,NA,NA,NA,NA,NA,NA,NA,NA,NA,NA,NA,NA,NA,82,NA,119,120,123,161,172,156,209,215
NA,NA,NA,NA,NA,NA,NA,NA,NA,NA,NA,NA,NA,NA,901,NA,731,822,772,909,920,1010,817,809

1767 : ILIGHT-NET, US
7,5,24,30,17,5,4,5,3,4,5,5,5,5,5,5,5,5,6,9,13,14,18,18
432,1003,281,284,648,2087,2995,2783,5053,4450,4094,4653,5392,5891,6950,6993,8240,8939,8934,8193,7603,8040,7492,7438

58552 : MULTIDATA-ID-AP PT Multidata Rancana Prima, ID
NA,NA,NA,NA,NA,NA,NA,NA,NA,NA,NA,NA,NA,38,47,35,69,63,101,347,403,141,180,175
NA,NA,NA,NA,NA,NA,NA,NA,NA,NA,NA,NA,NA,1360,1427,2070,1407,1809,1100,345,339,1121,975,1002

11014 : CPS, AR
1,4,2,4,3,3,3,4,5,10,12,13,24,29,39,38,44,61,63,113,162,123,119,114
5658,1629,7777,2313,4076,4830,4134,3602,3526,2338,2270,2505,1849,1809,1803,1983,2206,1873,1928,1504,1001,1276,1462,1569

33843 : NEPUSTILNET-AS02, DE
NA,NA,NA,NA,NA,3,38,39,52,74,70,83,72,94,97,80,115,86,101,119,101,94,98,93
NA,NA,NA,NA,NA,4906,532,611,564,413,504,408,649,546,695,1004,772,1280,1102,1422,1762,1755,1851,1917

200794 : NAVIGO-, IT
NA,NA,NA,NA,NA,NA,NA,NA,NA,NA,NA,NA,NA,NA,NA,NA,39,127,121,47,161,48,54,48
NA,NA,NA,NA,NA,NA,NA,NA,NA,NA,NA,NA,NA,NA,NA,NA,2380,719,799,2933,1007,2817,2751,2998

21219 : DATAGROUP, UA
NA,NA,2,11,10,16,33,77,139,232,244,301,369,420,489,481,489,504,426,182,68,27,38,40
NA,NA,3630,816,1004,867,605,286,180,122,126,110,120,137,144,161,165,172,198,729,2747,4912,3826,3447

31577 : PRORED, ES
NA,NA,NA,NA,NA,1,1,1,1,1,1,2,2,5,5,5,6,10,107,148,24,6,6,6
NA,NA,NA,NA,NA,18452,20411,23794,22699,25206,27099,14291,12513,5774,6729,6859,7084,6059,1001,1031,5613,11314,12824,11974

4780 : SEEDNET Digital United Inc., TW
10,10,20,29,27,44,39,34,40,36,44,49,55,60,63,63,71,81,84,77,81,76,124,122
316,573,348,306,443,362,507,686,713,859,803,801,931,1006,1181,1295,1389,1402,1446,1919,2106,2076,1387,1421

5429 : IIP-NET-AS5429, RU
NA,NA,1,1,2,5,7,11,15,26,7,23,23,21,25,27,29,91,54,80,161,91,43,60
NA,NA,12215,13905,4381,2197,1888,1517,1395,1124,3309,1529,1920,2275,2350,2393,2893,1186,2659,1874,1010,1824,3336,2519

25455 : GUARDFOX-AS, MD
NA,NA,NA,NA,NA,NA,NA,1,1,1,1,1,NA,NA,NA,NA,2,2,2,12,16,156,193,94
NA,NA,NA,NA,NA,NA,NA,19784,21799,24192,26057,28352,NA,NA,NA,NA,31870,33530,35583,7086,6735,1007,897,1907

33597 : ATLANTIC-METRO-COMMUNICATIONS-II-INC, US
NA,NA,NA,NA,NA,NA,10,13,16,27,40,52,49,51,57,66,81,85,87,116,125,116,22,20
NA,NA,NA,NA,NA,NA,1459,1290,1303,1073,870,753,1004,1119,1244,1228,1209,1295,1345,1456,1380,1356,6349,6434

8816 : IT-STCOM, IT
2,4,6,4,15,13,13,13,20,29,24,25,28,80,109,118,135,140,124,174,166,63,67,63
4081,1581,1111,1838,739,1013,1158,1318,1120,1008,1222,1401,1464,697,578,564,593,579,751,788,959,2328,2331,2433

49820 : PICTURA-NET, NL
NA,NA,NA,NA,NA,NA,NA,NA,NA,NA,35,45,59,60,71,77,73,71,81,117,119,149,141,214
NA,NA,NA,NA,NA,NA,NA,NA,NA,NA,956,873,857,1008,1074,1059,1361,1635,1515,1450,1466,1057,1207,814

29422 : NBLNETWORKS-AS Nebula Oy, FI
NA,NA,NA,NA,1,7,3,20,24,26,27,19,24,23,23,24,22,24,29,16,14,11,7,2
NA,NA,NA,NA,14728,1641,4198,976,1002,1117,1128,1835,1757,2105,2498,2571,3444,3861,3845,6181,7282,8909,11457,24674

203366 : BMCSAAS-AMS, IE
NA,NA,NA,NA,NA,NA,NA,NA,NA,NA,NA,NA,NA,NA,NA,NA,NA,41,86,151,146,36,11,9
NA,NA,NA,NA,NA,NA,NA,NA,NA,NA,NA,NA,NA,NA,NA,NA,NA,2880,1380,1001,1155,3600,9792,10481

26878 : TWRS-NYC, US
NA,NA,NA,NA,3,9,16,21,24,27,37,38,36,37,29,23,26,18,18,20,21,16,12,15
NA,NA,NA,NA,3020,1287,974,923,989,1072,913,1004,1227,1365,2107,2660,3083,4569,4959,5565,5972,7591,9331,8111

34867 : COSMONOVA-AS Cosmonova LLC, UA
NA,NA,NA,NA,NA,NA,1,2,4,3,8,11,25,29,101,83,95,105,92,149,156,135,188,115
NA,NA,NA,NA,NA,NA,19775,15674,4319,5693,2945,2695,1664,1762,643,954,992,1006,1240,1019,1056,1166,932,1544

8833 : NETPLUS-LEGACY, CH
2,4,7,8,76,20,19,20,20,19,23,19,19,15,20,16,NA,NA,NA,NA,NA,NA,NA,NA
2831,1315,965,1007,135,728,871,956,1121,1436,1281,1893,2304,3045,2868,3594,NA,NA,NA,NA,NA,NA,NA,NA

19855 : MASERGY, US
NA,NA,2,4,9,16,18,16,24,38,50,54,65,65,59,55,44,48,36,40,38,34,34,34
NA,NA,6454,1912,1102,862,923,1154,1007,839,730,731,765,939,1228,1559,2202,2710,3469,3830,4313,3794,4193,4122

42739 : FONE-ASN, PL
NA,NA,NA,NA,NA,NA,NA,NA,3,7,15,11,23,27,30,30,34,40,35,201,230,256,175,132
NA,NA,NA,NA,NA,NA,NA,NA,5041,2957,1885,2783,1860,1875,2073,2209,2562,2897,3494,626,623,607,1001,1287

48519 : KNIPP-AMS-AS, DE
NA,NA,NA,NA,NA,NA,NA,NA,NA,NA,3,3,3,4,5,5,159,141,142,183,183,156,185,179
NA,NA,NA,NA,NA,NA,NA,NA,NA,NA,6029,6763,7627,6757,6770,6895,461,577,599,719,842,1009,953,984

61595 : TELIC TECHNOLOGIES, BR
NA,NA,NA,NA,NA,NA,NA,NA,NA,NA,NA,NA,NA,NA,NA,NA,NA,NA,NA,1,2621,146,174,183
NA,NA,NA,NA,NA,NA,NA,NA,NA,NA,NA,NA,NA,NA,NA,NA,NA,NA,NA,59937,68,1079,1007,968

12111 : ONEEIGHTY-NET, US
3,5,14,17,24,32,37,31,38,33,32,25,24,7,6,4,4,1,1,1,1,1,1,1
1228,1055,506,544,511,531,559,740,755,932,1008,1405,1838,4894,6252,8421,10945,45014,47484,49768,52099,54255,55696,48348

30889 : WAYCOM-AS Waycom International, FR
NA,NA,NA,NA,NA,8,5,7,17,83,79,73,80,97,102,119,134,137,138,188,184,171,175,183
NA,NA,NA,NA,NA,1425,2380,2102,1262,351,417,473,552,514,637,558,603,604,638,693,835,934,1003,967

12929 : NETCOM-AS Oslo, Norway, NO
NA,1,1,3,5,13,11,10,13,11,7,7,3,5,5,5,5,6,9,10,8,10,8,2
NA,9254,11609,3449,1706,1006,1326,1616,1541,2114,3247,3723,7742,5865,6922,6973,8210,7999,7151,7762,9449,9377,10974,24509

28760 : INFOTECH-AT-AS Schaerdinger Str. 35, AT
NA,NA,NA,NA,4,3,13,19,107,19,20,26,22,17,23,24,19,23,80,134,166,197,205,112
NA,NA,NA,NA,2089,3388,1168,1009,250,1460,1462,1367,1991,2708,2523,2581,3835,4009,1532,1217,962,794,836,1627

1760 : INTELNET, US
5,5,4,3,1,NA,NA,NA,NA,NA,NA,NA,NA,NA,NA,NA,NA,NA,NA,NA,NA,NA,NA,NA
590,1002,1578,2391,13731,NA,NA,NA,NA,NA,NA,NA,NA,NA,NA,NA,NA,NA,NA,NA,NA,NA,NA,NA

50316 : NET_GLOBAL_SRL, IT
NA,NA,NA,NA,NA,NA,NA,NA,NA,NA,NA,5,50,118,128,141,104,121,97,170,169,119,178,175
NA,NA,NA,NA,NA,NA,NA,NA,NA,NA,NA,4570,992,403,444,428,911,802,1151,834,933,1312,987,1005

20912 : ASN-PANSERVICE, IT
NA,NA,1,2,2,2,3,5,4,10,14,13,9,12,13,77,84,105,99,510,619,756,846,886
NA,NA,9716,7159,7501,8597,3881,2759,3891,2257,1929,2419,3719,3443,3703,1051,1155,1002,1117,247,235,200,206,190

38211 : MCM-AS-ID PT. Mandiri Citra Makmur, ID
NA,NA,NA,NA,NA,NA,NA,2,3,3,2,2,9,1,3,3,3,4,107,184,3,3,2,1
NA,NA,NA,NA,NA,NA,NA,16266,7428,8437,21343,23394,3858,38965,14703,14835,16925,10820,1010,713,21267,22952,42111,53193

9808 : CHINAMOBILE-CN China Mobile Communications Group Co., Ltd., CN
NA,1,1,4,4,7,13,19,25,26,27,25,38,18,17,19,21,21,30,41,46,32,48,52
NA,8375,10606,1812,2449,1568,1139,1005,965,1109,1135,1413,1183,2627,3221,3193,3627,4266,3825,3773,3824,4131,3063,2785

26667 : RUBICONPROJECT, US
NA,NA,NA,NA,NA,NA,NA,NA,2,3,2,NA,3,4,85,119,130,132,145,194,205,171,199,175
NA,NA,NA,NA,NA,NA,NA,NA,13256,7697,15167,NA,10951,8217,851,556,638,648,577,661,704,925,868,1008

1312 : VA-TECH-AS, US
4,4,1,1,1,1,1,2,2,2,3,1,1,1,1,1,1,1,1,1,1,1,1,1
1007,1354,11404,12962,14289,16356,18356,14355,15814,17369,7043,35776,38923,41638,44247,44121,49629,52396,55133,57631,60286,62875,64632,47074

7599 : AMSNET-NZ-AP Advanced Management Systems Ltd, NZ
7,2,2,8,6,3,NA,NA,1,1,1,1,1,1,1,1,1,1,1,1,1,1,1,1
448,5284,3605,1009,1528,3684,NA,NA,23616,26225,28192,30604,33224,35368,45779,45697,51735,54765,57837,60549,63556,66383,68139,47673

7643 : VNPT-AS-VN Vietnam Posts and Telecommunications VNPT, VN
4,5,5,5,6,13,20,20,27,42,53,52,49,55,70,76,59,30,1,2,2,3,2,2
1005,1208,1512,1563,1493,1025,845,985,916,774,692,760,1011,1074,1087,1074,1558,3430,56223,21777,22798,17923,45107,26386

3329 : HOL-GR Athens, Greece, GR
3,6,5,8,10,14,17,18,22,32,34,36,38,32,33,33,33,31,27,24,21,27,31,35
1209,906,1400,1004,1021,964,946,1039,1061,940,975,1049,1173,1527,1958,2100,2598,3304,3987,5112,6004,4855,4653,3992

9044 : SOLNET, CH
2,8,9,35,274,111,309,90,115,112,107,90,115,129,149,145,142,105,132,510,400,520,873,752
3576,691,768,236,42,135,69,245,227,257,283,372,346,361,370,416,541,1008,686,248,343,304,200,218

9822 : AMNET-AU-AP Amnet IT Services Pty Ltd, AU
NA,1,4,6,5,13,16,15,21,44,41,43,58,63,64,60,69,69,55,39,30,21,1,NA
NA,9533,1837,1394,1677,1002,1005,1193,1108,748,863,921,882,964,1171,1354,1420,1680,2651,3911,5005,6292,50958,NA

13062 : LANCK-AS, RU
NA,2,2,2,6,6,16,13,11,21,22,32,23,1,NA,NA,NA,NA,1,1,NA,NA,NA,NA
NA,5252,6446,7597,1501,1848,1008,1344,1802,1371,1346,1146,1940,34210,NA,NA,NA,NA,55201,57708,NA,NA,NA,NA

1334 : ANSBB-ASNNET-1, US
4,5,3,NA,NA,NA,NA,NA,NA,NA,NA,NA,NA,NA,NA,NA,NA,NA,NA,NA,NA,NA,NA,NA
842,1001,2090,NA,NA,NA,NA,NA,NA,NA,NA,NA,NA,NA,NA,NA,NA,NA,NA,NA,NA,NA,NA,NA

20647 : IPB IPB Internet Provider in Berlin GmbH, DE
NA,NA,2,2,1,3,4,4,7,8,10,14,15,18,20,82,91,94,104,151,199,296,309,314
NA,NA,3657,8044,15561,3209,2838,3235,2411,2628,2509,2309,2657,2539,2821,970,1045,1140,1059,1004,743,512,527,521

42707 : EQUEST-AS, NL
NA,NA,NA,NA,NA,NA,NA,NA,1,1,1,1,1,3,17,13,88,84,63,121,139,157,172,190
NA,NA,NA,NA,NA,NA,NA,NA,27174,30356,32834,35669,38784,12265,3164,3978,1099,1328,1925,1404,1233,1004,1014,941

5583 : ORANGE-BUSINESS-SERVICES-BENELUX Orange Business Services formerly Equant AS for BENELUX, FR
5,8,20,36,55,82,67,78,71,76,74,70,73,62,65,121,140,143,148,169,182,168,174,172
681,675,349,232,192,194,268,284,377,394,461,505,630,973,1148,536,556,564,560,848,848,949,1008,1019

28968 : EUT-AS EUT IP Network, RU
NA,NA,NA,NA,4,10,21,19,45,53,54,95,113,123,78,72,74,93,79,65,72,76,85,77
NA,NA,NA,NA,2142,1231,813,1007,637,632,680,352,354,382,970,1136,1348,1158,1563,2121,2331,2073,2038,2155

1916 : Rede Nacional de Ensino e Pesquisa, BR
5,8,12,15,16,17,16,24,143,23,258,416,583,774,1026,1198,1704,2377,3090,3421,3840,1469,1801,88
647,693,596,618,700,818,1001,853,174,1257,116,89,89,79,65,58,47,35,23,27,28,105,102,1986

20144 : IMRS, US
NA,NA,3,2,2,3,3,9,18,61,26,75,38,76,98,110,93,100,77,116,145,112,116,102
NA,NA,2673,7707,8168,4580,5217,1725,1205,535,1175,461,1192,773,673,624,1010,1067,1609,1468,1161,1416,1503,1790

22452 : AKAMAI-NOMINUM-ASN, US
NA,NA,7,9,3,4,4,4,4,2,2,1,1,1,1,1,1,1,1,1,1,1,NA,NA
NA,NA,1010,966,2911,2718,2877,3274,3779,10092,14126,28108,30613,32548,34860,35085,39039,41436,43761,45842,48152,50326,NA,NA

9824 : JTCL-JP-AS JCOM Co., Ltd., JP
NA,3,10,12,16,21,16,16,14,14,16,13,8,10,10,12,16,16,24,28,28,29,28,28
NA,1827,710,738,701,706,1003,1139,1467,1796,1781,2468,4045,3865,4362,4181,4254,4937,4291,4795,5161,4557,5237,4917

42353 : SIMWOOD Simwood eSMS Limited, GB
NA,NA,NA,NA,NA,NA,NA,NA,8,11,11,16,49,115,119,84,92,85,105,133,113,112,124,37
NA,NA,NA,NA,NA,NA,NA,NA,2337,2139,2312,2098,1005,417,500,946,1033,1296,1039,1228,1563,1408,1377,3807

4704 : SANNET Rakuten Mobile, Inc., JP
4,5,7,9,6,8,10,9,11,9,9,13,15,18,15,20,22,21,24,34,30,NA,NA,NA
860,1094,1004,939,1483,1460,1434,1764,1782,2430,2711,2466,2687,2577,3456,3035,3484,4228,4292,4312,4972,NA,NA,NA

5610 : O2-CZECH-REPUBLIC, CZ
2,4,3,11,8,14,16,21,24,28,28,37,46,57,58,60,56,56,57,69,69,71,75,73
4057,1578,2922,779,1148,940,985,930,1001,1047,1087,1036,1064,1049,1234,1337,1585,2160,2253,2042,2531,2148,2169,2231

58474 : MANGONET-AS-ID PT. MATRIXNET GLOBAL INDONESIA, ID
NA,NA,NA,NA,NA,NA,NA,NA,NA,NA,NA,NA,NA,19,23,22,29,123,108,184,178,157,2,3
NA,NA,NA,NA,NA,NA,NA,NA,NA,NA,NA,NA,NA,2497,2580,2846,2871,774,994,714,876,1005,25376,18774

5396 : AS-IRIDEOS-MC, IT
3,3,7,5,10,13,15,16,17,29,30,29,41,206,228,223,276,362,382,418,488,604,653,683
1695,2448,980,1528,1000,1011,1040,1127,1277,1006,1056,1241,1129,227,240,271,254,221,218,285,283,259,255,238

34934 : UKFAST, GB
NA,NA,NA,NA,NA,NA,NA,NA,NA,NA,NA,NA,NA,6,11,85,94,92,90,127,7,5,5,5
NA,NA,NA,NA,NA,NA,NA,NA,NA,NA,NA,NA,NA,5155,4066,928,1001,1164,1281,1324,9924,12404,13147,13409

41412 : MIVITEC-AS, DE
NA,NA,NA,NA,NA,NA,NA,2,2,4,5,6,61,79,80,95,103,105,104,146,126,118,75,4
NA,NA,NA,NA,NA,NA,NA,15231,16801,4837,3996,4069,819,729,922,794,919,1007,1055,1062,1369,1327,2180,15323

199139 : ASN-WERITECH, NL
NA,NA,NA,NA,NA,NA,NA,NA,NA,NA,NA,NA,NA,1,1,94,102,103,107,167,186,235,4,1
NA,NA,NA,NA,NA,NA,NA,NA,NA,NA,NA,NA,NA,39803,42309,811,927,1030,1005,856,818,664,14977,64088

11845 : Vox-Telecom, ZA
2,3,4,2,9,10,10,11,10,8,8,19,57,69,92,80,85,40,40,65,159,165,188,174
3779,1916,1712,8317,1081,1224,1425,1492,1912,2624,2937,1830,886,885,758,1007,1148,2893,3255,2109,1022,962,929,1012

15554 : AS15554, AT
NA,2,6,6,10,13,15,NA,NA,NA,NA,NA,NA,NA,NA,NA,NA,NA,NA,NA,NA,NA,NA,NA
NA,6291,1145,1318,1008,1007,1050,NA,NA,NA,NA,NA,NA,NA,NA,NA,NA,NA,NA,NA,NA,NA,NA,NA

24880 : EPRESS-AS Milano - Italy, IT
NA,NA,NA,2,10,11,10,8,14,20,19,17,21,23,24,31,38,44,14,14,44,54,48,45
NA,NA,NA,7167,1001,1141,1453,1977,1490,1426,1563,2058,2109,2148,2471,2174,2428,2794,5660,6598,3899,2588,3009,3153

2711 : SPIRITTEL-AS, US
5,12,19,17,13,9,15,22,26,29,32,37,51,68,65,91,100,77,79,94,92,81,93,99
577,446,359,521,816,1330,1053,887,931,1004,1006,1033,981,889,1153,860,945,1490,1547,1739,1908,1985,1927,1827

45147 : NAPINFO-TRANSIT-AS-AP PT. NAP Info Lintas Nusa, ID
NA,NA,NA,NA,NA,NA,NA,NA,NA,53,61,43,73,77,86,80,93,194,175,269,309,378,356,230
NA,NA,NA,NA,NA,NA,NA,NA,NA,636,600,920,636,769,839,1009,1020,374,433,436,450,405,460,741

35916 : MULTA-ASN1, US
NA,NA,NA,NA,NA,NA,2,10,20,23,32,37,42,46,55,59,63,69,48,53,55,69,68,78
NA,NA,NA,NA,NA,NA,11300,1580,1131,1242,1010,1028,1115,1197,1278,1357,1500,1662,3033,2465,3466,2193,2313,2141

43404 : UCARU-AS, RU
NA,NA,NA,NA,NA,NA,NA,NA,1,1,17,25,25,22,65,62,66,98,116,151,141,112,136,137
NA,NA,NA,NA,NA,NA,NA,NA,21158,23533,1716,1446,1733,2210,1146,1303,1453,1095,871,1006,1209,1423,1238,1238

11994 : CZIO-ASN, US
4,2,1,1,1,1,NA,NA,NA,7,6,7,2,2,2,3,2,3,3,5,6,5,6,6
1003,3865,12513,14366,16017,18194,NA,NA,NA,2907,3764,3719,12081,13340,15763,10587,17461,13348,15327,11548,11067,12870,12542,11933

13132 : CYBERWAYS-AS Germany, DE
NA,2,3,2,9,11,10,4,7,41,41,44,64,74,65,80,80,92,95,162,83,73,73,53
NA,6346,3297,9964,1057,1124,1402,3284,2434,789,864,892,775,804,1145,1003,1231,1168,1198,897,2051,2114,2221,2767

50473 : ECO-AS, RU
NA,NA,NA,NA,NA,NA,NA,NA,NA,NA,NA,2,26,21,26,23,94,30,60,69,173,121,122,130
NA,NA,NA,NA,NA,NA,NA,NA,NA,NA,NA,20914,1641,2282,2284,2713,1005,3413,2038,2038,913,1302,1407,1315

10396 : COQUI-NET, PR
4,5,6,5,5,6,6,6,2,3,4,9,11,11,13,14,17,21,28,27,29,29,24,25
1009,1194,1069,1434,1774,1878,2173,2473,17987,6218,5344,3268,3437,3603,3694,3784,4046,4174,3923,4837,5018,4499,5856,5427

8559 : WELLCOM Kabelplus GmbH vormals B.netWellcom, AT
1,4,7,2,8,9,14,19,25,31,34,31,3,3,3,2,2,1,3,2,3,3,3,NA
6312,1580,963,6244,1174,1321,1096,1008,971,968,977,1169,8320,9113,11629,15281,17472,43250,14581,21808,17425,17967,18685,NA

6834 : AS6834, DK
1,3,2,3,5,12,13,11,11,11,8,9,56,64,81,86,104,105,102,121,125,95,108,92
5208,1741,6991,2620,1760,1085,1153,1521,1805,2141,3007,3164,905,945,905,912,908,1004,1079,1392,1379,1725,1686,1940

10764 : STARTAP, US
11,47,58,35,26,22,21,19,20,20,20,18,18,18,22,21,18,17,12,17,15,16,13,12
280,109,112,234,463,683,808,1003,1132,1396,1449,1919,2352,2537,2615,2890,3928,4715,6126,5963,7003,7517,8896,9339

8563 : DIRECTNET-AS, RU
7,5,3,4,3,8,16,12,1,1,1,1,1,NA,NA,NA,NA,NA,NA,NA,NA,NA,NA,3
415,1022,2270,1949,2936,1474,1007,1416,20593,22945,24685,26955,29343,NA,NA,NA,NA,NA,NA,NA,NA,NA,NA,19742

47463 : MTE-UA-AS, UA
NA,NA,NA,NA,NA,NA,NA,NA,NA,4,5,5,7,7,75,89,107,2,1,2,2,2,2,2
NA,NA,NA,NA,NA,NA,NA,NA,NA,4938,4451,5041,4633,5028,1010,881,875,18145,41747,28162,29786,31306,31581,33745

48641 : SYNTEGRA-AS, UA
NA,NA,NA,NA,NA,NA,NA,NA,NA,NA,1,1,4,4,4,3,5,9,9,31,36,228,246,175
NA,NA,NA,NA,NA,NA,NA,NA,NA,NA,33113,35997,6755,7470,9704,11290,9038,6646,7429,4520,4415,693,676,1003

38195 : SUPERLOOP-AS-AP Superloop, AU
NA,NA,NA,NA,NA,NA,NA,2,2,6,4,15,20,14,28,30,37,50,72,122,161,1235,340,332
NA,NA,NA,NA,NA,NA,NA,6703,7964,3344,5098,2257,2203,3145,2179,2226,2462,2671,1712,1378,1005,122,478,483

5619 : EVRY-NO TietoEVRY Norway, NO
1,3,3,3,7,13,9,7,7,5,3,1,3,4,1,1,3,2,2,5,1,2,5,5
5239,2487,3093,3477,1325,1004,1538,2184,2476,3771,6290,25627,7777,6895,32310,32564,12303,22262,24673,11051,45210,29353,13347,13322

11107 : FREMONT-COMM, US
4,1,2,1,1,1,1,1,NA,NA,NA,NA,NA,NA,2,NA,NA,NA,NA,NA,NA,NA,NA,NA
1010,7378,6054,14491,16395,18600,20932,23363,NA,NA,NA,NA,NA,NA,15249,NA,NA,NA,NA,NA,NA,NA,NA,NA

6298 : ASN-CXA-PH-6298-CBS, US
NA,2,2,2,4,8,12,13,13,33,38,44,50,NA,NA,NA,NA,NA,NA,NA,NA,NA,NA,NA
NA,2904,3574,4085,2269,1511,1272,1358,1590,933,911,906,1001,NA,NA,NA,NA,NA,NA,NA,NA,NA,NA,NA

3262 : SARENET, ES
6,4,12,19,42,54,49,58,56,68,71,68,71,63,75,110,131,137,138,170,190,56,68,64
525,1263,576,461,275,287,390,393,514,466,493,523,657,955,1003,625,619,601,632,829,789,2536,2322,2399

21472 : SERVERHOUSE, GB
NA,NA,NA,NA,1,1,1,1,1,1,1,2,3,3,4,7,7,5,93,121,161,168,187,202
NA,NA,NA,NA,12907,14843,16670,18344,20251,22506,21865,11037,8921,9736,8883,5758,6710,9132,1233,1395,1004,946,939,862

17557 : PKTELECOM-AS-PK Pakistan Telecommunication Company Limited, PK
NA,NA,4,10,14,17,21,19,26,34,83,109,120,150,177,182,199,182,190,263,365,360,440,452
NA,NA,1795,877,788,832,811,1006,940,899,391,309,328,311,317,325,349,403,395,450,381,426,361,352

6697 : BELPAK-AS BELPAK, BY
5,6,10,10,12,20,19,22,24,23,28,36,44,92,97,89,115,105,114,203,245,253,266,284
675,921,726,844,858,735,878,897,996,1251,1122,1055,1091,555,688,870,766,1003,891,618,576,614,621,583

45014 : HOSTIT-MK-AS Milton Keynes Facility, GB
NA,NA,NA,NA,NA,NA,NA,NA,NA,1,13,47,60,74,82,77,85,86,107,129,145,194,132,143
NA,NA,NA,NA,NA,NA,NA,NA,NA,26864,2042,826,840,808,895,1055,1143,1279,1003,1295,1159,809,1275,1177

6433 : JLC, US
3,5,1,1,1,1,1,1,1,1,1,1,NA,NA,NA,NA,1,1,1,1,1,NA,NA,NA
1334,1011,10916,12397,13630,15633,17526,19274,21256,23659,25522,26790,NA,NA,NA,NA,48571,51260,52226,54622,57163,NA,NA,NA

48961 : WARWICKNET, GB
NA,NA,NA,NA,NA,NA,NA,NA,NA,NA,11,54,49,83,131,137,108,102,6,3,6,2,2,2
NA,NA,NA,NA,NA,NA,NA,NA,NA,NA,2314,721,1006,673,432,451,863,1043,9111,17520,11326,25331,25208,24869

8595 : WESTCALL-AS, RU
1,2,1,1,2,2,2,3,3,26,39,42,54,60,72,83,85,162,111,106,112,221,98,211
6317,6495,11696,13423,8288,9466,10466,5885,6690,1126,889,936,945,1010,1059,960,1153,467,954,1625,1579,719,1860,822

2874 : ORANGE-BUSINESS-SERVICES-NORDICS, US
9,20,17,24,24,121,32,32,32,29,28,32,25,21,33,34,40,39,43,50,54,59,52,54
355,278,432,372,510,118,611,720,831,1005,1086,1124,1674,2259,1979,2091,2355,2938,3181,2657,3511,2439,2839,2716

12586 : ASGHOSTNET, DE
NA,NA,NA,1,5,6,11,9,24,30,39,34,38,33,27,21,41,44,45,52,66,62,32,38
NA,NA,NA,14010,1769,1873,1349,1832,1004,994,890,1088,1188,1491,2219,2944,2318,2801,3137,2540,2885,2359,4502,3638

5539 : SPACENET SpaceNET AG, DE
8,23,27,29,41,54,56,57,66,70,95,64,81,105,88,86,92,95,92,151,185,216,219,218
393,242,258,299,282,290,323,399,413,445,330,577,544,455,806,920,1030,1127,1244,1003,826,738,770,796

27281 : QUANTCAST, US
NA,NA,NA,NA,NA,NA,NA,NA,2,8,10,9,13,14,17,17,18,49,147,31,139,157,170,163
NA,NA,NA,NA,NA,NA,NA,NA,17837,2815,2615,3303,3044,3244,3218,3473,4008,2695,569,4517,1225,1002,1023,1071

31708 : COREIX-UK-AS London, Great Britain, GB
NA,NA,NA,NA,NA,2,3,4,26,34,49,57,66,87,85,102,112,65,123,141,162,156,172,206
NA,NA,NA,NA,NA,9535,4009,3478,948,907,743,694,745,618,856,717,812,1764,777,1118,995,1008,1013,839

49289 : MEDIA-VENETO Media Veneto s.r.l., IT
NA,NA,NA,NA,NA,NA,NA,NA,NA,NA,1,2,2,NA,NA,NA,116,152,107,66,57,67,70,65
NA,NA,NA,NA,NA,NA,NA,NA,NA,NA,30600,20536,22136,NA,NA,NA,761,504,1004,2090,3396,2236,2271,2385

27065 : DNIC-ASBLK-27032-27159, US
NA,NA,NA,NA,NA,NA,3,12,14,31,32,38,35,33,31,29,29,28,30,24,25,21,19,20
NA,NA,NA,NA,NA,NA,3912,1404,1451,967,1015,1007,1257,1486,2034,2258,2863,3523,3793,5141,5478,6177,7174,6670

12857 : TDS, DE
NA,2,1,2,1,2,2,2,2,2,2,2,2,2,2,2,2,2,4,4,4,81,90,174
NA,3485,9344,7937,12848,9428,10412,11291,12271,13531,14164,15390,16616,17712,20019,19868,22280,23200,11882,12990,13611,1990,1972,1010

9543 : WESTNET-AS-AP Westnet Internet Services, AU
4,2,6,5,2,1,2,5,3,8,5,7,3,3,3,3,3,3,3,3,3,3,3,1
1006,6046,1122,1512,6851,14457,8964,2914,5425,2611,4269,3844,8084,8838,11322,10510,12921,12933,15235,16553,17113,17669,18347,47947

25588 : SIXDEGREES-CLOUD-AS, GB
NA,NA,NA,NA,2,3,4,4,39,36,3,41,49,3,1,1,1,NA,NA,1,1,2,1,1
NA,NA,NA,NA,9362,4786,3643,3387,727,860,7149,941,1003,10610,35274,35486,39480,NA,NA,41753,43973,27287,52143,50850

7668 : HTCN Hokuriku Telecommunication Network Co., JP
3,3,7,7,6,8,11,10,11,11,11,16,17,14,13,12,11,14,19,21,18,22,18,25
1183,1819,1006,1169,1494,1505,1337,1623,1783,2125,2355,2125,2478,3140,3760,4177,5134,5214,4861,5508,6476,5893,7550,5453

5106 : WIN, PR
5,5,NA,NA,NA,NA,NA,NA,NA,NA,NA,1,1,1,1,1,1,1,1,1,1,NA,NA,NA
597,1007,NA,NA,NA,NA,NA,NA,NA,NA,NA,30746,33358,35508,37939,38028,42455,44903,47341,49638,51999,NA,NA,NA

9605 : DOCOMO NTT DOCOMO, INC., JP
NA,2,7,8,6,7,6,7,9,6,5,2,2,4,6,8,7,7,13,23,155,190,244,259
NA,5200,1007,1010,1450,1581,2058,2106,2036,3192,4051,14709,15859,7982,6089,5216,6613,7374,5949,5266,1073,828,684,642

7332 : LIGHTBOUND-AS, US
4,8,11,11,12,15,14,22,18,16,40,40,49,52,52,43,44,49,45,46,46,39,36,29
782,659,624,774,847,886,1086,892,1207,1628,873,960,1007,1114,1328,1868,2137,2674,3123,3058,3784,3363,3979,4804

20847 : PREVIDER-AS, NL
NA,NA,1,16,58,68,56,53,64,64,63,73,71,72,115,107,120,120,107,186,250,307,272,298
NA,NA,10822,565,181,227,328,452,429,507,576,471,659,828,523,658,722,817,1006,701,564,495,608,556

9228 : CENTRALONLINE-ID-AS-AP PT. Total Info Kharisma, ID
NA,NA,NA,1,1,1,2,3,3,2,3,2,12,21,22,28,31,126,107,179,1,160,163,167
NA,NA,NA,12163,15062,17213,12042,6170,7344,18642,8770,23387,3162,2303,2686,2339,2732,737,1008,756,65075,986,1049,1042

4664 : HIT-KR-AP Shinbiro, KR
NA,5,8,18,NA,NA,NA,NA,NA,NA,NA,NA,NA,NA,NA,NA,NA,NA,NA,2,2,1,1,1
NA,1006,873,504,NA,NA,NA,NA,NA,NA,NA,NA,NA,NA,NA,NA,NA,NA,NA,29396,31111,53985,55402,47402

58073 : YISP-AS, NL
NA,NA,NA,NA,NA,NA,NA,NA,NA,NA,NA,NA,NA,4,75,96,113,117,108,143,179,244,252,4
NA,NA,NA,NA,NA,NA,NA,NA,NA,NA,NA,NA,NA,7766,1007,787,793,858,988,1096,867,637,653,15591

12180 : INTERNAP-2BLK, US
4,15,17,29,24,36,37,41,37,43,32,38,43,41,39,34,35,36,34,31,33,28,28,24
961,365,411,296,494,473,550,594,765,759,1009,1003,1095,1288,1771,2080,2516,3048,3534,4510,4660,4673,5120,5585

6127 : IDSC, EG
4,5,1,NA,1,1,2,2,3,3,3,2,2,2,2,2,3,3,3,3,3,3,4,3
1008,1127,12398,NA,14748,16868,13750,14967,5334,5973,6534,20786,22459,23923,26198,26463,16334,16661,19066,20375,21388,23109,15442,19935

133613 : MTEL-AS MTel telecommunication company ltd., MO
NA,NA,NA,NA,NA,NA,NA,NA,NA,NA,NA,NA,NA,NA,NA,NA,26,25,26,49,161,122,62,64
NA,NA,NA,NA,NA,NA,NA,NA,NA,NA,NA,NA,NA,NA,NA,NA,3127,3830,4111,2733,1006,1285,2463,2405

18511 : NCLUD, US
NA,2,4,8,NA,NA,NA,NA,NA,NA,NA,NA,NA,NA,NA,NA,NA,NA,NA,NA,NA,NA,NA,NA
NA,3140,1619,1003,NA,NA,NA,NA,NA,NA,NA,NA,NA,NA,NA,NA,NA,NA,NA,NA,NA,NA,NA,NA

8241 : RELLINE-AS, RU
2,5,4,3,2,8,16,16,18,25,22,30,25,23,29,28,28,27,25,31,40,35,37,31
3290,1103,1720,2813,4465,1479,1010,1152,1231,1170,1354,1198,1720,2131,2126,2322,2974,3612,4194,4556,4182,3727,3915,4523

3593 : FRONTIER-EPIX, US
2,3,3,5,10,13,15,15,19,24,23,24,26,24,23,20,15,15,12,8,7,4,3,2
2307,1694,2314,1599,995,1003,1037,1179,1186,1232,1316,1505,1647,2089,2572,3067,4444,5102,6256,8758,10176,14500,18266,24435

33922 : NTT-LT-AS, LT
NA,NA,NA,NA,NA,3,2,4,6,8,6,5,9,11,15,12,13,13,12,147,151,171,182,175
NA,NA,NA,NA,NA,4907,13883,3740,2978,2750,3772,4966,3915,3628,3410,4113,4665,5320,6090,1051,1108,932,968,1004

38778 : DWPNET-AS-ID PT. Dutakom Wibawa Putra, ID
NA,NA,NA,NA,NA,NA,NA,NA,NA,1,NA,NA,13,24,27,29,33,135,113,191,4,3,203,175
NA,NA,NA,NA,NA,NA,NA,NA,NA,28893,NA,NA,2977,2084,2239,2279,2617,616,913,680,14512,17933,852,1007

10007 : IPR SoftBank Corp., JP
NA,NA,7,7,8,11,NA,NA,NA,NA,NA,NA,NA,NA,NA,NA,NA,NA,NA,NA,NA,NA,NA,NA
NA,NA,1011,1172,1228,1150,NA,NA,NA,NA,NA,NA,NA,NA,NA,NA,NA,NA,NA,NA,NA,NA,NA,NA

2544 : METRO-AS, US
NA,NA,2,12,20,24,21,21,24,18,19,22,18,18,13,12,12,12,12,17,19,32,39,53
NA,NA,3494,743,591,640,815,912,1003,1523,1527,1605,2380,2580,3764,4184,4919,5597,6197,6000,6239,4015,3650,2757

15076 : LERWO34OS, US
NA,1,1,8,3,2,1,1,1,1,1,2,1,1,1,1,1,1,1,1,1,1,NA,NA
NA,7045,9133,1002,2740,11666,19617,21695,23867,26484,21828,10916,26217,28077,30711,35531,39522,41928,44277,46364,48670,50829,NA,NA

24167 : ASGCNET Academia Sinica Grid Computing Center, TW
NA,NA,NA,NA,NA,NA,NA,NA,89,97,88,83,105,125,131,139,149,146,140,151,148,114,124,129
NA,NA,NA,NA,NA,NA,NA,NA,286,304,362,407,385,376,430,437,507,544,616,1002,1141,1381,1381,1324

57023 : ISLALINK, ES
NA,NA,NA,NA,NA,NA,NA,NA,NA,NA,NA,NA,4,5,75,132,153,142,116,NA,NA,NA,NA,NA
NA,NA,NA,NA,NA,NA,NA,NA,NA,NA,NA,NA,6114,5806,1006,474,479,570,858,NA,NA,NA,NA,NA

20899 : TTS-AS, DE
NA,NA,2,2,2,2,2,3,4,3,32,34,44,60,70,3,4,4,3,3,3,3,1,2
NA,NA,5800,6421,6652,7656,8695,5607,4609,7570,1016,1089,1086,1003,1076,12793,11609,11748,17656,18900,19816,20587,63150,28552

21069 : ASN-METANET Routingpeering issues
NA,NA,2,8,38,10,12,13,14,12,18,24,23,26,18,14,30,24,4,7,6,9,12,13
NA,NA,5812,1008,324,1217,1221,1286,1441,1965,1595,1503,1884,1950,3120,3917,2818,3903,11995,9073,10857,9597,9235,8882

39912 : I3B-AS, AT
NA,NA,NA,NA,NA,NA,NA,19,174,641,673,1062,1225,1594,1204,1078,1958,161,115,160,229,238,211,157
NA,NA,NA,NA,NA,NA,NA,1010,149,42,42,28,30,24,48,70,35,468,877,916,626,657,809,1093

37613 : Dolphin-Telecom-AS, GH
NA,NA,NA,NA,NA,NA,NA,NA,NA,NA,NA,NA,NA,NA,4,11,19,72,118,161,150,147,174,182
NA,NA,NA,NA,NA,NA,NA,NA,NA,NA,NA,NA,NA,NA,8075,4315,3880,1612,838,905,1115,1067,1006,970

3554 : HALW, US
5,5,4,3,2,2,NA,NA,NA,NA,1,2,2,2,2,1,1,1,NA,NA,NA,NA,NA,NA
593,1005,1581,2357,4345,5153,NA,NA,NA,NA,22543,12502,13843,15064,17567,31563,35162,37157,NA,NA,NA,NA,NA,NA

3225 : GULFNET-KUWAIT, KW
NA,NA,NA,NA,1,5,6,7,14,9,9,8,7,9,14,78,120,121,107,160,190,137,26,21
NA,NA,NA,NA,11557,2045,2038,2085,1442,2461,2736,3434,4428,4125,3529,1046,724,811,1007,914,788,1151,5552,6213

9032 : EDUNET-AS Moscow, Russia, RU
NA,2,3,2,2,3,16,12,16,16,11,19,21,16,22,21,21,24,20,27,35,29,24,25
NA,6334,2279,7593,9660,3470,1004,1420,1331,1651,2369,1872,2080,2854,2645,2924,3588,3915,4732,4859,4511,4540,5926,5533

44050 : PIN-AS, RU
NA,NA,NA,NA,NA,NA,NA,NA,5,27,26,27,73,60,82,100,118,132,148,265,67,32,33,25
NA,NA,NA,NA,NA,NA,NA,NA,3318,1096,1187,1323,634,1011,897,734,747,645,558,446,2879,4113,4353,5465

34982 : AS_ESAG, DE
NA,NA,NA,NA,NA,NA,2,2,2,2,2,2,2,60,60,54,3,3,3,3,3,3,3,3
NA,NA,NA,NA,NA,NA,8830,9659,10635,11770,12326,13503,14730,1005,1214,1617,15845,16144,18495,19734,20753,22369,22379,21368

4800 : LINTASARTA-AS-AP PT Aplikanusa Lintasarta, ID
2,2,3,3,3,2,4,1,2,12,14,25,43,40,46,52,122,146,167,151,236,231,368,402
3907,6019,2170,2695,2953,5177,3174,18899,14263,1979,1997,1456,1106,1322,1445,1699,708,549,469,1007,599,680,441,398

8781 : QA-ISP, QA
3,2,1,1,3,2,3,4,8,42,97,125,158,226,225,222,205,145,161,174,168,180,174,161
1593,6269,11073,12602,3010,11359,5556,4165,2308,780,325,264,249,208,243,276,339,555,487,787,939,880,1005,1078

199204 : WEBMATE, GB
NA,NA,NA,NA,NA,NA,NA,NA,NA,NA,NA,NA,NA,1,71,73,77,75,83,113,154,157,178,192
NA,NA,NA,NA,NA,NA,NA,NA,NA,NA,NA,NA,NA,28549,1068,1110,1290,1542,1455,1496,1081,1003,988,926

6619 : SAMSUNGSDS-AS-KR SamsungSDS Inc., KR
3,4,5,8,9,11,16,18,13,42,33,43,42,98,88,96,110,106,114,151,131,56,58,56
1088,1287,1292,997,1063,1128,978,1035,1526,770,988,908,1117,506,803,779,839,996,902,1005,1312,2530,2604,2636

14589 : DIGITALWEST-AS, US
NA,2,3,5,5,4,17,19,33,28,42,40,47,46,51,52,55,60,53,65,57,66,64,7
NA,3349,2636,1439,1620,2453,937,1001,813,1039,840,961,1035,1194,1335,1672,1602,1895,2756,2110,3403,2266,2413,11331

4688 : HI-HO Internet Initiative Japan Inc., JP
2,4,9,11,10,12,13,13,3,2,1,NA,NA,NA,NA,NA,NA,NA,NA,NA,NA,NA,NA,NA
3301,1376,782,793,1010,1083,1172,1331,5071,8531,23497,NA,NA,NA,NA,NA,NA,NA,NA,NA,NA,NA,NA,NA

197981 : INTERCLOUD-ASN, FR
NA,NA,NA,NA,NA,NA,NA,NA,NA,NA,NA,NA,13,15,90,92,152,147,151,208,190,158,174,171
NA,NA,NA,NA,NA,NA,NA,NA,NA,NA,NA,NA,3009,3061,786,846,490,538,536,599,794,999,1010,1023

2044 : DF-PTL1, US
1,NA,NA,16,18,18,26,24,23,21,22,19,22,29,25,26,25,23,26,165,168,160,133,135
5896,NA,NA,558,633,775,702,843,1010,1353,1322,1826,1951,1750,2345,2423,3176,3959,4065,869,938,984,1261,1259

5408 : GR-NET www.grnet.gr, GR
26,27,29,29,30,31,29,29,29,30,33,61,19,19,20,21,20,24,25,31,34,40,43,38
119,210,241,308,421,542,671,769,888,1001,1001,626,2310,2500,2891,2965,3739,3951,4229,4578,4651,3330,3373,3633

2764 : AAPT AAPT Limited, AU
46,57,67,89,74,88,91,79,77,79,101,109,109,146,192,187,259,282,278,219,161,137,111,83
61,93,96,94,139,177,206,281,350,374,306,311,364,318,283,321,266,261,269,547,1008,1150,1609,2057

8501 : PIONIER-AS PIONIER, National Research and Education Network in Poland, PL
14,17,16,21,23,29,36,35,37,38,37,38,38,41,44,44,43,37,36,35,34,35,34,33
231,341,458,432,522,568,567,682,766,833,922,1010,1191,1298,1524,1860,2223,3030,3466,4192,4600,3704,4217,4243

42605 : FRA-VRNETZE, DE
NA,NA,NA,NA,NA,NA,NA,NA,1,1,45,50,66,80,82,80,86,86,92,138,120,122,120,119
NA,NA,NA,NA,NA,NA,NA,NA,19920,22121,798,794,740,712,899,1005,1130,1281,1247,1161,1455,1289,1439,1478

55329 : TELCOTECH-KH Telcotech Ltd., KH
NA,NA,NA,NA,NA,NA,NA,NA,NA,NA,2,16,16,30,20,34,44,74,118,135,161,2766,2520,1898
NA,NA,NA,NA,NA,NA,NA,NA,NA,NA,9092,2156,2611,1744,2881,2092,2151,1586,845,1202,1009,46,64,89

197440 : CCTLD-IT-ANYCAST, IT
NA,NA,NA,NA,NA,NA,NA,NA,NA,NA,NA,NA,1,16,18,77,123,127,148,202,199,173,182,176
NA,NA,NA,NA,NA,NA,NA,NA,NA,NA,NA,NA,27988,2774,3014,1052,692,711,555,620,738,912,963,1001

6798 : NET4YOU-AS, AT
NA,4,8,10,10,14,13,13,18,15,15,17,15,13,17,15,12,12,10,2,10,14,13,25
NA,1395,861,846,1007,955,1131,1326,1219,1710,1864,2014,2682,3309,3175,3707,4899,5586,6934,21734,8759,8127,9069,5478

12597 : GOTANET, SE
2,7,7,21,10,9,3,6,5,2,5,10,11,14,11,14,30,32,37,42,50,50,44,39
4141,791,1019,426,1002,1337,4004,2453,3319,8568,4166,2966,3352,3185,4160,3786,2836,3292,3416,3658,3658,2762,3268,3586

2381 : WISCNET1-AS, US
5,10,22,43,28,23,37,43,43,30,39,38,74,96,142,186,292,297,71,377,368,386,383,388
650,528,309,189,432,662,543,555,664,978,879,1001,610,525,391,322,239,249,1722,317,377,390,424,413

50472 : CHAOS-AS, DE
NA,NA,NA,NA,NA,NA,NA,NA,NA,NA,NA,38,44,65,72,71,73,12,18,96,87,16,17,17
NA,NA,NA,NA,NA,NA,NA,NA,NA,NA,NA,1006,1085,932,1050,1144,1356,5561,4981,1724,1999,7522,7729,7587

35799 : KFL, GB
NA,NA,NA,NA,NA,NA,2,3,3,9,7,11,12,60,71,73,77,75,88,110,90,12,6,NA
NA,NA,NA,NA,NA,NA,11047,5982,6819,2482,3337,2782,3083,1001,1070,1115,1291,1544,1321,1550,1951,8602,12377,NA

17922 : INDOSAT-INP INDOSAT Internet Network Provider, ID
NA,NA,3,14,18,NA,NA,NA,NA,NA,NA,NA,4,54,76,77,91,132,152,178,168,183,162,150
NA,NA,2887,639,625,NA,NA,NA,NA,NA,NA,NA,6479,1097,1002,1062,1051,658,531,765,949,869,1054,1145

49653 : DELTAWEB-AS, IT
NA,NA,NA,NA,NA,NA,NA,NA,NA,NA,1,1,2,2,16,80,114,102,104,140,136,50,124,123
NA,NA,NA,NA,NA,NA,NA,NA,NA,NA,31704,34392,22953,24453,3379,1008,777,1036,1056,1130,1262,2745,1378,1417

9730 : BHARTITELESONIC-AS-IN-AP Bharti Telesonic Ltd, IN
1,NA,NA,1,2,2,3,2,1,15,18,28,38,43,46,55,91,106,64,51,46,64,122,155
6418,NA,NA,14307,9385,10720,4112,6891,23537,1747,1598,1297,1199,1267,1472,1561,1052,1001,1911,2640,3829,2327,1412,1108

13302 : LINKEY-CLOUD St.-Petersburg, Russia, RU
NA,NA,NA,1,3,5,16,10,11,1,1,2,1,NA,NA,NA,NA,NA,NA,NA,2,2,2,2
NA,NA,NA,14437,3843,2169,1006,1643,1768,28986,31191,22440,36640,NA,NA,NA,NA,NA,NA,NA,38399,40177,41010,27136

11537 : INTERNET2-RESEARCH-EDU, US
47,144,113,102,155,88,78,90,170,190,221,203,106,98,123,136,208,144,140,143,161,153,147,138
58,38,60,85,72,174,232,242,155,154,137,164,378,500,474,452,334,556,611,1090,1002,1025,1154,1234

41624 : ELEKTRONIKANS, BG
NA,NA,NA,NA,NA,NA,NA,1,1,1,1,1,1,1,1,6,9,78,132,176,201,125,175,124
NA,NA,NA,NA,NA,NA,NA,24175,26927,30029,32392,35165,38206,40784,43312,6450,5813,1482,687,782,726,1253,1004,1399

38930 : FIBERRING Amsterdam, Netherlands, NL
NA,NA,NA,NA,NA,NA,NA,3,10,25,33,45,65,57,80,74,94,328,42,42,37,35,36,31
NA,NA,NA,NA,NA,NA,NA,5360,1868,1150,987,864,759,1047,930,1089,1002,233,3202,3575,4349,3689,3957,4502

7017 : TWC-7017-NA, US
NA,1,3,1,1,4,6,6,13,16,33,33,33,39,NA,NA,1,1,1,NA,NA,NA,NA,NA
NA,8967,3375,11217,12371,2815,2234,2535,1598,1672,1004,1122,1322,1345,NA,NA,40596,42985,45363,NA,NA,NA,NA,NA

11889 : IVANET-NYC, US
4,6,5,3,3,3,3,3,3,4,3,4,3,3,6,5,3,3,3,2,2,2,2,2
1001,868,1497,3157,3440,4173,4779,5433,6144,5125,7805,6313,9290,10212,5826,6795,14507,14625,17093,24816,26128,29016,29263,26944

28368 : SOBRALNET SERVICOS E TELECOMUNICACOES LTDA - ME, BR
NA,NA,NA,NA,NA,NA,NA,NA,NA,2,3,6,43,63,79,88,113,141,150,151,159,210,297,46
NA,NA,NA,NA,NA,NA,NA,NA,NA,18931,6780,4137,1102,962,945,889,799,578,549,1008,1031,763,546,3062

11897 : TULSA-COMMUNITY-COLLEGE, US
4,5,5,5,4,2,2,1,1,NA,2,2,1,1,1,1,1,1,1,2,2,2,2,2
1002,1198,1498,1720,2457,6577,7631,16627,18529,NA,16787,18240,29945,31817,34157,34369,38249,40671,43010,30620,32442,33970,34763,26946

17675 : AS-PNAPTOK Unitas Global Co., Ltd., JP
NA,NA,5,8,10,13,17,18,20,18,17,18,18,16,17,16,17,16,18,20,21,20,16,18
NA,NA,1511,1033,1012,1026,956,1050,1144,1521,1694,1939,2379,2848,3184,3558,4114,4938,5024,5619,6026,6571,8045,7005

8452 : TE-AS TE-AS, EG
1,1,NA,4,6,13,16,19,25,38,38,38,39,40,54,56,132,131,144,196,228,192,185,231
5937,8812,NA,1811,1429,995,980,1004,964,831,896,1002,1171,1320,1296,1451,608,659,582,652,629,815,952,736

13591 : Mexico Red de Telecomunicaciones, S. de R.L. de C.V., MX
2,12,25,29,30,23,31,25,25,29,35,38,38,31,28,26,31,30,27,30,26,15,11,12
3926,482,273,300,413,666,632,829,960,1009,959,1009,1186,1598,2168,2425,2716,3368,3990,4591,5347,7740,9501,9095

1887 : NASK-ACADEMIC, PL
6,18,7,14,8,6,5,6,7,6,8,8,9,9,11,16,22,22,22,23,22,23,28,26
514,310,1001,656,1179,1824,2434,2412,2495,3225,2950,3387,3776,4087,4118,3553,3480,4112,4496,5251,5888,5637,5232,5235

23265 : POCKETINET, US
NA,NA,NA,8,8,12,24,24,24,31,33,46,50,64,62,54,66,39,24,26,41,39,6,31
NA,NA,NA,1063,1205,1101,761,859,1008,976,1003,848,998,946,1192,1614,1457,2936,4261,4935,4093,3347,12134,4533

31529 : DENIC-ANYCAST-AS DNS anycast AS object for .DE DNS service, DE
NA,NA,NA,NA,NA,24,35,34,42,81,102,114,151,172,204,218,175,205,226,249,266,161,183,175
NA,NA,NA,NA,NA,650,574,687,691,362,299,288,261,269,271,278,408,353,320,477,522,983,960,1006

5391 : T-HT Croatian Telecom Inc., HR
4,8,12,11,13,17,26,31,32,31,32,71,102,112,125,115,118,124,126,204,215,55,54,51
903,700,601,798,821,828,720,738,838,959,1007,500,399,424,461,578,737,750,729,610,664,2551,2738,2826

6423 : DF-PTL2-3, US
2,5,8,7,8,8,8,11,11,12,10,13,12,10,11,11,10,10,13,150,153,161,157,157
1797,1010,826,1111,1142,1413,1654,1477,1736,1967,2471,2431,3079,3824,4083,4329,5343,6087,5890,1009,1089,981,1083,1096

198047 : UKWEB-EQX, DE
NA,NA,NA,NA,NA,NA,NA,NA,NA,NA,NA,NA,2,61,72,80,83,85,18,1,1,1,1,NA
NA,NA,NA,NA,NA,NA,NA,NA,NA,NA,NA,NA,13024,988,1048,1001,1177,1298,4973,53039,55554,57873,59490,NA

12703 : PULSANT-AS, GB
2,2,3,4,20,21,22,44,53,57,64,53,48,99,108,86,94,85,27,24,22,189,67,231
3944,6125,3294,2307,590,697,789,552,558,578,569,750,1029,498,592,924,1006,1309,4056,5193,5918,832,2337,735

6386 : BELLSOUTH-NET-BLK, US
2,5,7,8,13,15,12,14,15,8,6,6,2,1,1,1,1,2,2,NA,NA,NA,NA,NA
1795,1009,942,1072,833,914,1275,1267,1412,2741,3760,4288,11426,32466,34779,35005,38935,28138,30149,NA,NA,NA,NA,NA

47169 : HPC-MVM-AS, HU
NA,NA,NA,NA,NA,NA,NA,NA,NA,NA,5,12,12,9,15,79,96,105,106,170,141,178,33,37
NA,NA,NA,NA,NA,NA,NA,NA,NA,NA,4386,2614,3153,4083,3449,1023,985,1010,1024,839,1207,891,4334,3758

45204 : GEMNET-MN GEMNET LLC, MN
NA,NA,NA,NA,NA,NA,NA,NA,NA,NA,12,27,28,30,104,158,171,105,35,40,33,34,35,33
NA,NA,NA,NA,NA,NA,NA,NA,NA,NA,2254,1336,1498,1676,620,365,421,1009,3506,3803,4703,3821,4120,4246

8339 : KABSI-AS, AT
1,2,9,11,14,12,16,21,27,29,33,29,34,31,31,32,59,87,91,158,163,113,131,126
6048,5068,767,789,770,1075,1000,917,910,1007,995,1234,1293,1606,2022,2144,1550,1258,1261,940,986,1402,1294,1369

