553 : BELWUE BelWue-Koordination, DE
2,10,9,22,48,57,67,69,84,86,86,75,97,759,870,927,1049,1402,1576,1684,757,879,888,921
3120,541,744,397,229,273,267,311,304,341,372,456,416,82,79,87,107,97,90,108,201,169,192,176

25074 : INETBONE-AS, DE
NA,NA,NA,3,7,20,78,123,125,192,156,168,203,270,214,210,211,204,813,214,154,3,NA,NA
NA,NA,NA,3620,1340,724,231,179,207,152,198,199,190,180,258,284,330,355,137,572,1085,17500,NA,NA

9505 : TWGATE-AP Taiwan Internet Gateway, TW
12,29,34,34,46,62,102,109,187,194,185,184,203,228,250,675,230,232,234,293,412,339,283,553
269,193,196,241,240,249,180,208,140,149,166,179,189,206,223,135,302,314,312,394,332,451,582,295

5408 : GR-NET www.grnet.gr, GR
26,27,29,29,30,31,29,29,29,30,33,61,19,19,20,21,20,24,25,31,34,40,43,38
119,210,241,308,421,542,671,769,888,1001,1001,626,2310,2500,2891,2965,3739,3951,4229,4578,4651,3330,3373,3633

15717 : VERSATEL-VPN servicing all companies of Versatel AG, DE
NA,NA,33,32,72,15,NA,NA,NA,NA,NA,NA,NA,NA,NA,NA,NA,NA,NA,NA,NA,NA,NA,NA
NA,NA,205,262,142,907,NA,NA,NA,NA,NA,NA,NA,NA,NA,NA,NA,NA,NA,NA,NA,NA,NA,NA

18101 : RELIANCE-COMMUNICATIONS-IN Reliance Communications Ltd.DAKC MUMBAI, IN
NA,NA,NA,2,7,26,36,56,98,91,126,165,160,165,194,200,248,295,259,214,123,79,44,48
NA,NA,NA,4045,1265,618,565,422,266,325,246,205,247,286,279,295,278,251,289,574,1412,2033,3305,2960

16559 : REALCONNECT-01, US
NA,1,1,15,19,141,129,129,130,133,146,154,166,220,277,287,314,368,31,36,32,52,52,43
NA,6663,8728,596,608,105,137,165,197,213,212,217,236,213,204,222,227,215,3759,4154,4821,2688,2857,3276

8582 : GTT-AS, NL
7,24,33,24,45,67,57,81,79,107,99,63,1,NA,NA,NA,NA,NA,NA,NA,NA,2,2,2
452,230,204,366,254,229,317,276,332,266,313,591,28990,NA,NA,NA,NA,NA,NA,NA,NA,30597,30859,26461

3754 : NYSERNET3-AS, US
NA,6,16,41,46,29,34,39,42,77,45,44,41,41,38,37,38,39,39,46,49,54,58,65
NA,924,437,204,238,564,588,614,688,384,792,890,1135,1294,1815,1991,2421,2934,3289,3057,3677,2601,2600,2392

2907 : SINET-AS Research Organization of Information and Systems, National Institute of Informatics, JP
17,28,33,48,55,64,76,79,88,92,93,98,100,112,126,137,128,121,124,127,135,130,140,134
184,201,203,177,195,243,237,280,290,323,338,347,407,423,452,443,657,804,759,1328,1274,1218,1211,1271

9050 : RTD Bucharest, Romania, RO
1,1,1,1,1,3,14,25,63,178,216,252,282,296,334,346,369,364,360,456,519,548,533,534
5938,8813,11608,13908,15472,3667,1094,835,446,162,142,130,144,170,176,193,203,220,226,268,269,287,315,305

8196 : CLARANET, DE
17,27,29,17,38,130,150,168,187,39,NA,NA,NA,NA,NA,NA,NA,NA,NA,NA,NA,NA,NA,NA
189,205,233,523,314,110,122,129,139,815,NA,NA,NA,NA,NA,NA,NA,NA,NA,NA,NA,NA,NA,NA

2200 : FR-RENATER Reseau National de telecommunications pour la Technologie, FR
34,78,88,41,51,55,54,56,55,54,68,75,77,80,83,91,85,86,98,131,112,114,121,113
92,65,72,206,215,280,342,408,530,597,519,460,579,710,886,857,1146,1272,1128,1255,1572,1374,1413,1598

21202 : DCSNET-AS, SE
NA,NA,1,8,61,74,34,199,223,139,160,126,138,2,1,1,1,1,NA,NA,NA,NA,NA,NA
NA,NA,11577,1078,174,209,592,111,119,202,194,261,289,27442,45441,45343,51154,54121,NA,NA,NA,NA,NA,NA

8966 : ETISALAT-AS P.O. Box 1150, Dubai, U, AE
NA,13,15,29,33,42,45,118,138,109,172,167,177,191,220,235,254,263,264,453,513,486,506,917
NA,414,462,295,381,400,440,192,182,262,173,201,224,240,253,260,271,284,281,269,272,322,327,178

3967 : NSM350, US
82,199,185,42,NA,NA,NA,NA,NA,NA,NA,NA,NA,NA,2,2,4,2,5,5,5,3,3,2
31,24,38,201,NA,NA,NA,NA,NA,NA,NA,NA,NA,NA,20972,20883,10114,24314,10217,11226,11960,20965,21571,26164

6922 : TEXASAGENCYNET, US
15,14,15,15,19,20,19,20,22,23,27,26,23,24,29,30,30,30,32,34,33,44,45,44
205,393,467,593,598,725,866,965,1058,1245,1131,1350,1862,2046,2112,2212,2792,3380,3667,4262,4700,3035,3206,3176

4355 : ERMS-EARTHLNK, US
9,12,20,33,34,56,67,90,128,60,49,NA,NA,NA,NA,NA,NA,NA,NA,NA,NA,NA,NA,NA
366,485,338,247,359,275,266,244,201,545,733,NA,NA,NA,NA,NA,NA,NA,NA,NA,NA,NA,NA,NA

3265 : XS4ALL-NL Amsterdam, NL
5,13,23,29,51,116,56,118,74,75,65,69,67,61,77,81,68,79,94,112,119,101,103,4
612,417,294,298,211,128,321,191,361,404,554,513,725,990,978,985,1426,1443,1214,1511,1459,1599,1785,14610

5602 : AS-IRIDEOS-KP, IT
4,5,33,10,22,22,22,19,30,37,42,48,46,45,60,64,78,75,71,494,556,609,640,673
893,995,202,863,532,679,782,990,857,843,837,814,1057,1221,1211,1264,1285,1560,1717,257,256,257,263,244

721 : DNIC-ASBLK-00721-00726, US
92,88,88,85,84,142,135,110,38,3,5,8,7,4,4,6,7,7,7,7,7,7,7,7
27,60,74,97,124,104,132,205,743,5563,4002,3350,4340,6770,8184,6112,6527,7302,8102,9074,9964,10638,11398,11197

28329 : G8 NETWORKS LTDA, BR
NA,NA,NA,NA,NA,NA,NA,NA,NA,1,2,4,50,79,824,936,1368,1807,2282,629,4983,491,473,604
NA,NA,NA,NA,NA,NA,NA,NA,NA,27828,18651,5912,1000,737,86,85,65,49,59,206,14,317,337,271

198249 : OPSONE, CH
NA,NA,NA,NA,NA,NA,NA,NA,NA,NA,NA,NA,NA,17,20,15,15,21,19,83,31,747,92,61
NA,NA,NA,NA,NA,NA,NA,NA,NA,NA,NA,NA,NA,2705,2840,3706,4392,4223,4932,1843,4911,206,1945,2501

327983 : Interworks-Wireless-Solutions, ZA
NA,NA,NA,NA,NA,NA,NA,NA,NA,NA,NA,NA,NA,NA,NA,NA,NA,9,11,33,719,787,908,37
NA,NA,NA,NA,NA,NA,NA,NA,NA,NA,NA,NA,NA,NA,NA,NA,NA,6664,6626,4399,208,195,186,3805

16265 : LEASEWEB-NETWORK LeaseWeb Network B.V., NL
NA,NA,2,18,45,60,64,187,171,160,147,157,171,207,242,483,453,476,780,1003,1723,527,516,545
NA,NA,8522,496,256,262,281,118,154,178,211,214,232,226,230,159,171,181,143,156,117,297,322,301

8283 : COLOCLUE-AS Netwerkvereniging Coloclue, Amsterdam, Netherlands, NL
NA,NA,NA,NA,4,3,4,5,4,6,6,4,6,5,4,1009,624,392,1373,1636,1790,130,756,764
NA,NA,NA,NA,2429,4320,3659,3174,4697,3523,3928,6489,5201,6608,10392,76,149,206,105,111,110,1220,224,213

327960 : PC-MANIACS, ZA
NA,NA,NA,NA,NA,NA,NA,NA,NA,NA,NA,NA,NA,NA,NA,NA,NA,7,10,542,666,727,828,865
NA,NA,NA,NA,NA,NA,NA,NA,NA,NA,NA,NA,NA,NA,NA,NA,NA,7651,6979,229,222,215,210,198

852 : TELUS Communications, CA
13,16,55,111,135,105,158,175,197,199,215,223,245,341,649,757,1023,793,769,625,666,404,423,456
241,350,119,77,80,143,116,122,131,142,143,152,162,154,128,121,111,138,145,208,221,378,375,350

2578 : DEMOS-AS Demos, Moscow, Russia, EU
16,22,14,13,9,14,39,42,39,31,30,29,28,22,29,NA,NA,NA,3,2,3,3,3,2
201,251,502,687,1071,939,518,582,734,970,1053,1236,1489,2203,2124,NA,NA,NA,17471,26303,19651,20412,21058,26064

2764 : AAPT AAPT Limited, AU
46,57,67,89,74,88,91,79,77,79,101,109,109,146,192,187,259,282,278,219,161,137,111,83
61,93,96,94,139,177,206,281,350,374,306,311,364,318,283,321,266,261,269,547,1008,1150,1609,2057

32934 : FACEBOOK, US
NA,NA,NA,NA,NA,2,2,4,21,77,121,128,163,197,265,305,338,393,392,554,640,738,759,725
NA,NA,NA,NA,NA,12054,13448,3408,1096,391,253,260,242,236,211,213,215,205,212,226,228,212,223,226

4755 : TATACOMM-AS TATA Communications formerly VSNL is Leading ISP, IN
8,27,45,52,59,78,91,104,128,170,208,245,282,310,369,381,459,529,600,606,669,711,749,825
398,209,158,160,178,200,203,219,202,169,147,135,145,162,167,185,170,168,161,215,217,217,225,204

513 : CERN, CH
16,73,73,55,52,63,63,71,84,90,88,85,83,95,96,84,93,90,86,146,188,178,197,211
197,69,89,146,204,246,282,303,307,327,360,392,519,533,701,937,1011,1190,1369,1057,803,888,874,824

2611 : BELNET, BE
6,23,18,41,45,70,75,82,88,64,102,112,125,141,157,167,178,173,175,221,200,184,75,110
523,238,399,205,248,217,239,268,289,501,297,299,316,327,347,347,397,425,431,535,732,860,2168,1659

39737 : PRIME-TELECOM-AS Prime Telecom, RO
NA,NA,NA,NA,NA,NA,NA,13,22,33,103,122,188,234,250,237,255,246,245,350,395,415,2755,2769
NA,NA,NA,NA,NA,NA,NA,1341,1056,931,296,272,206,198,226,257,269,299,299,342,352,367,52,53

3741 : IS, ZA
9,22,28,37,51,287,343,430,523,128,164,160,183,885,938,1008,1134,1337,1490,1321,1262,1436,1467,1421
327,252,246,225,213,59,59,55,52,226,188,209,210,58,71,77,97,100,100,131,144,107,121,115

5617 : TPNET, PL
19,47,57,49,52,77,94,136,164,202,212,243,276,280,254,224,237,233,282,329,347,312,288,297
171,111,117,173,209,204,197,156,160,140,145,136,149,177,220,269,294,313,266,365,405,486,571,557

6663 : TTI-NET, RO
2,9,6,7,5,19,62,122,113,147,184,186,214,298,309,308,340,553,472,413,946,601,476,459
3977,641,1218,1217,1856,766,292,184,235,188,167,176,181,168,185,210,213,166,186,292,167,265,336,345

577 : BACOM, CA
32,58,72,106,111,121,134,130,142,146,163,172,184,244,296,313,333,353,381,387,390,383,396,310
94,91,91,80,95,115,133,163,175,191,192,191,208,190,192,206,218,223,219,308,355,397,407,528

36408 : CDNETWORKSUS-02, US
NA,NA,NA,NA,NA,NA,1,10,10,118,114,149,166,216,298,339,367,348,289,372,364,147,13,12
NA,NA,NA,NA,NA,NA,16726,1704,2002,245,265,227,238,220,189,194,204,224,263,322,384,1066,8917,9176

3856 : PCH-AS, US
15,4,4,7,24,61,50,14,8,4,166,165,174,206,258,243,271,263,259,367,366,330,338,330
209,1325,1651,1105,491,257,385,1217,2174,4409,187,204,228,229,218,251,258,285,287,329,379,462,483,488

12470 : AS12470 Housing-Center, DE
2,1,3,4,7,6,5,3,4,3,3,3,4,52,55,50,66,75,81,3,3,846,868,132
3548,7465,2157,2133,1380,1737,2320,4234,3722,5518,5977,6696,6040,1112,1274,1736,1450,1539,1504,15611,16296,178,201,1293

64475 : FREIFUNK-FRANKFURT, DE
NA,NA,NA,NA,NA,NA,NA,NA,NA,NA,NA,NA,NA,NA,NA,NA,NA,NA,7,2,712,779,783,10
NA,NA,NA,NA,NA,NA,NA,NA,NA,NA,NA,NA,NA,NA,NA,NA,NA,NA,8514,22188,210,196,218,10053

1221 : ASN-TELSTRA Telstra Corporation Ltd, AU
69,151,83,73,83,94,105,103,127,133,154,184,175,188,189,216,248,316,366,376,394,381,386,371
37,35,78,106,127,162,173,221,203,215,202,180,226,245,297,280,277,240,224,320,353,402,419,431

4230 : CLARO S.A., BR
56,79,66,70,71,76,95,111,132,130,141,167,215,219,262,294,355,354,404,519,514,493,581,560
49,63,97,113,143,207,193,201,195,222,220,202,179,216,212,218,209,222,208,242,270,315,290,290

1784 : GCFA-ASN02, US
10,18,40,115,52,93,86,97,94,78,88,73,60,NA,NA,NA,NA,NA,NA,NA,NA,NA,NA,NA
310,300,174,73,210,164,214,230,276,382,363,475,832,NA,NA,NA,NA,NA,NA,NA,NA,NA,NA,NA

4788 : TMNET-AS-AP TM Net, Internet Service Provider, MY
4,16,19,15,37,104,139,152,255,169,189,190,204,282,274,259,303,705,698,418,865,739,554,564
901,356,364,602,332,144,127,140,108,170,161,172,187,175,205,237,233,149,149,286,177,210,303,289

8866 : BTC-AS BULGARIA, BG
11,14,15,18,32,35,38,49,64,136,132,146,187,216,267,260,290,298,260,276,271,261,258,246
296,410,492,509,395,489,529,496,435,210,233,231,207,219,209,236,243,248,286,419,513,593,642,678

6427 : HURRICANE-ELEC, US
15,35,31,NA,NA,NA,NA,NA,NA,NA,NA,NA,NA,NA,NA,NA,NA,NA,NA,NA,NA,NA,NA,NA
206,161,224,NA,NA,NA,NA,NA,NA,NA,NA,NA,NA,NA,NA,NA,NA,NA,NA,NA,NA,NA,NA,NA

7195 : EDGEUNO SAS, CO
1,1,NA,1,1,1,1,1,1,1,1,1,1,1,1,1,1,2,3,2,2823,741,816,613
5869,8731,NA,13137,13884,15859,17796,22235,24523,27297,29296,31762,34383,36646,39104,39174,43760,33147,15500,36808,55,208,211,268

11164 : INTERNET2-I2PX, US
NA,NA,NA,NA,NA,NA,NA,3,124,144,157,184,200,199,208,196,191,199,191,204,210,225,226,254
NA,NA,NA,NA,NA,NA,NA,4454,208,194,195,178,193,233,262,305,362,365,387,609,682,700,736,655

13127 : T-MOBILE AS for the Trans-European T-Mobile IP Transport backbone, NL
NA,20,36,48,67,88,88,70,77,96,93,84,89,110,131,99,98,83,16,19,22,20,23,20
NA,277,186,178,159,175,210,307,348,308,335,403,469,435,429,747,965,1353,5341,5707,5871,6542,6273,6403

15133 : EDGECAST, US
NA,1,NA,NA,NA,NA,NA,NA,4,19,130,150,177,233,281,355,388,399,394,475,534,521,453,414
NA,8114,NA,NA,NA,NA,NA,NA,4647,1457,237,226,223,201,201,191,192,202,211,262,262,303,352,385

16509 : AMAZON-02, US
NA,NA,NA,2,3,4,4,4,5,7,54,69,184,257,289,329,351,380,378,513,603,656,685,674
NA,NA,NA,7688,3698,3053,3550,4080,3145,2864,674,512,209,185,198,197,210,212,220,245,240,234,241,243

2852 : CESNET2, CZ
4,6,2,3,8,10,11,48,88,144,178,194,274,272,294,317,365,436,279,278,281,265,292,272
847,850,6474,3446,1163,1214,1325,506,291,195,171,167,150,179,194,203,205,188,267,418,491,580,560,608

6453 : AS6453, US
207,285,287,198,260,336,411,440,541,647,617,640,643,775,683,702,741,778,777,801,771,754,721,702
12,16,20,50,47,47,46,52,49,41,54,63,80,78,124,130,134,140,144,173,194,202,234,232

29222 : INFOMANIAK-AS, CH
NA,NA,NA,NA,NA,12,12,81,86,97,72,236,237,226,222,223,248,411,359,384,458,526,581,533
NA,NA,NA,NA,NA,1060,1210,274,296,303,482,143,167,207,249,270,276,195,227,311,298,298,289,306

4565 : MEGAPATH2-, US
60,107,112,123,106,117,116,123,123,105,101,101,101,90,90,89,9,10,6,5,3,1,1,1
42,48,61,69,98,124,151,176,210,275,304,337,402,579,784,875,5715,6159,9001,11081,19706,48166,49163,47390

8943 : JUMP, GB
2,5,5,8,9,11,17,28,27,25,28,25,45,232,277,290,285,296,272,280,154,106,106,108
3595,1145,1389,1041,1056,1123,939,776,915,1152,1093,1439,1072,203,203,221,249,250,274,413,1084,1519,1733,1689

2906 : AS-SSI, US
NA,NA,NA,NA,NA,NA,NA,NA,NA,NA,8,10,7,183,235,292,371,399,378,520,533,520,540,501
NA,NA,NA,NA,NA,NA,NA,NA,NA,NA,2896,2899,4410,250,233,220,200,201,221,241,264,305,311,315

2686 : ATGS-MMD-AS, US
30,71,89,129,181,229,229,244,213,188,185,160,189,190,223,208,220,228,225,300,326,384,390,397
99,72,70,68,65,74,86,95,124,157,164,208,202,241,247,285,320,321,322,388,427,395,415,403

7385 : ABUL-14-7385, US
NA,NA,NA,3,NA,NA,NA,37,180,197,227,219,249,263,280,282,305,287,270,368,168,143,133,128
NA,NA,NA,2587,NA,NA,NA,653,144,147,133,156,157,181,202,224,232,257,276,325,950,1105,1270,1331

8596 : HOTZE-AS hotze.com GmbH, AT
NA,NA,NA,NA,2,4,4,112,133,165,182,684,760,791,925,900,362,366,458,31,33,36,44,45
NA,NA,NA,NA,7674,2589,3000,199,191,174,168,55,61,74,72,90,206,218,189,4532,4701,3619,3286,3144

5588 : GTSCE GTS Central Europe  Antel Germany, CZ
1,1,6,NA,67,215,121,124,172,181,188,164,188,225,379,692,705,713,682,744,800,844,571,22
4896,7547,1136,NA,156,80,147,170,152,159,163,206,205,210,164,133,141,148,151,181,189,180,296,5983

8551 : BEZEQ-INTERNATIONAL-AS Bezeqint Internet Backbone, IL
8,15,24,25,34,43,52,94,131,161,167,194,217,244,273,278,335,318,317,425,509,548,575,553
383,373,279,348,363,383,364,238,196,176,186,168,178,191,207,225,216,239,244,280,273,288,293,294

50607 : EPIX-KTW-GLOBALMIX, PL
NA,NA,NA,NA,NA,NA,NA,NA,NA,NA,NA,8,3,40,86,108,141,217,402,408,316,334,345,340
NA,NA,NA,NA,NA,NA,NA,NA,NA,NA,NA,3444,9988,1321,826,645,544,331,209,294,438,456,474,474

286 : KPN, NL
125,105,160,103,300,429,437,457,474,451,474,422,425,415,414,419,383,391,507,571,552,550,593,611
22,49,47,83,38,37,40,47,59,77,79,88,113,140,155,173,195,207,170,221,257,286,282,269

198385 : ALPINEDC, CH
NA,NA,NA,NA,NA,NA,NA,NA,NA,NA,NA,NA,NA,1,3,4,26,84,82,655,744,855,926,889
NA,NA,NA,NA,NA,NA,NA,NA,NA,NA,NA,NA,NA,41733,10625,8051,3095,1322,1483,203,203,177,182,188

12350 : VTX-NETWORK, CH
1,7,16,11,90,23,117,155,162,229,347,596,645,718,778,682,700,797,720,729,761,750,606,576
6010,733,441,768,114,663,149,137,161,123,101,72,79,86,94,134,142,136,147,186,200,205,276,282

15704 : XTRA Telecom, ES
NA,1,1,2,1,4,4,4,3,2,4,5,5,5,8,20,131,150,44,57,1453,1391,863,858
NA,9768,12313,9986,15594,2935,3399,3842,5802,9211,4665,4525,5259,5743,4868,2977,621,513,3158,2308,128,111,202,200

20115 : CHARTER-20115, US
NA,NA,1,8,18,20,32,36,52,103,131,166,210,242,289,307,342,390,409,449,457,473,454,440
NA,NA,11374,1017,618,726,617,667,565,281,234,203,183,192,197,211,212,209,206,271,299,331,351,362

34763 : XOL, LB
NA,NA,NA,NA,NA,NA,52,111,134,140,123,3,NA,NA,NA,NA,NA,NA,NA,NA,1,1,1,1
NA,NA,NA,NA,NA,NA,365,202,190,201,252,7507,NA,NA,NA,NA,NA,NA,NA,NA,60080,62663,64430,52515

8553 : AVENSYS 180 Attercliffe Road, GB
4,19,22,41,48,67,70,82,110,76,79,85,95,99,102,112,55,88,82,89,70,60,63,61
887,292,318,210,234,228,256,269,242,395,420,399,427,497,639,612,1622,1243,1491,1780,2454,2404,2446,2494

11919 : LORAL-SKYNET-AR, US
16,31,28,30,18,20,19,21,14,10,5,4,4,5,5,3,1,2,2,2,2,2,1,1
204,185,252,292,642,745,887,943,1488,2303,4228,5689,6443,6064,7249,10958,49053,34031,36104,37782,39507,41310,62045,48314

4651 : THAI-GATEWAY The Communications Authority of ThailandCAT, TH
16,21,28,25,21,29,26,27,37,34,43,66,88,138,152,166,221,243,241,291,344,406,412,382
203,268,253,347,567,569,708,789,763,901,820,548,471,335,362,352,318,303,306,398,409,377,390,421

8289 : DND-GLOBAL-PEERING, SE
8,7,8,14,52,60,65,66,69,19,16,2,2,1,NA,NA,NA,NA,NA,NA,NA,45,539,60
387,793,886,650,207,264,274,328,390,1470,1779,10315,11523,36128,NA,NA,NA,NA,NA,NA,NA,3007,312,2534

5587 : ITILITY-LIMITED Internet Service Provider, GB
3,2,2,37,76,83,90,98,68,17,16,4,1,1,1,1,2,2,10,10,10,10,8,10
1744,6081,7821,228,136,191,207,226,400,1574,1769,5455,27968,29802,32425,32670,23333,24320,6673,7652,8519,9156,10677,9992

19548 : TWC-19548-NA, US
NA,NA,10,41,48,47,55,59,47,2,1,1,1,1,1,NA,NA,NA,NA,NA,NA,NA,NA,NA
NA,NA,672,207,228,330,337,388,614,17598,26943,29287,31829,33897,36269,NA,NA,NA,NA,NA,NA,NA,NA,NA

15557 : LDCOMNET, FR
NA,1,4,30,41,64,102,153,159,188,197,187,188,183,188,181,182,193,187,212,238,242,250,268
NA,7488,1687,288,288,242,181,139,167,158,157,175,204,251,298,327,388,375,401,581,597,645,656,626

8560 : IONOS-AS This is the joint network for IONOS, Fasthosts, Arsys, 1&1 Mail and Media and 1&1 Telecom. Formerly known as 1&1 Internet SE., DE
2,14,12,39,57,85,97,120,124,147,146,144,157,185,207,197,226,216,220,319,499,386,451,463
3543,404,599,216,185,189,189,186,209,189,213,232,252,247,263,303,308,333,328,368,277,393,355,339

8642 : TELENOR-, SE
2,6,10,17,49,77,77,87,NA,NA,NA,NA,NA,NA,NA,NA,NA,NA,NA,NA,NA,NA,NA,1
3227,887,702,533,226,201,234,248,NA,NA,NA,NA,NA,NA,NA,NA,NA,NA,NA,NA,NA,NA,NA,47817

328320 : Kurlec-AS, ZA
NA,NA,NA,NA,NA,NA,NA,NA,NA,NA,NA,NA,NA,NA,NA,NA,NA,NA,NA,543,668,845,831,869
NA,NA,NA,NA,NA,NA,NA,NA,NA,NA,NA,NA,NA,NA,NA,NA,NA,NA,NA,228,219,179,208,197

49697 : JOEY-NETWORK Joey-Network, DE
NA,NA,NA,NA,NA,NA,NA,NA,NA,NA,1,1,1,NA,NA,NA,NA,1,9,1495,733,812,889,194
NA,NA,NA,NA,NA,NA,NA,NA,NA,NA,29111,31545,34139,NA,NA,NA,NA,50580,7366,120,205,189,191,913

5696 : EXPRES, US
111,157,113,42,36,NA,NA,NA,1,NA,1,3,3,3,4,5,7,4,3,3,3,3,3,3
23,34,59,202,348,NA,NA,NA,20178,NA,26934,8152,9149,10054,10059,7687,6530,10427,17943,19196,20171,20973,21574,19928

35710 : WEBERCLOUD, DE
NA,NA,NA,NA,NA,NA,2,2,1,NA,NA,NA,NA,NA,NA,NA,NA,NA,NA,1,118,123,791,802
NA,NA,NA,NA,NA,NA,14865,16360,27008,NA,NA,NA,NA,NA,NA,NA,NA,NA,NA,59162,1484,1272,215,206

8708 : RCS-RDS 73-75 Dr. Staicovici, RO
4,12,29,84,128,169,227,282,337,335,322,339,383,405,409,432,444,460,476,539,547,594,830,605
945,468,236,98,86,92,88,87,90,102,104,103,117,145,156,170,176,183,185,232,259,269,209,270

2119 : TELENOR-NEXTEL Telenor Norge AS, NO
3,16,24,24,17,19,21,38,600,770,886,171,167,217,241,242,244,268,271,658,803,682,743,785
1176,358,288,375,657,764,812,636,36,33,33,193,235,217,231,252,285,277,275,201,188,222,229,209

13335 : CLOUDFLARENET, US
2,2,NA,NA,NA,NA,NA,NA,NA,NA,NA,1,101,174,204,317,380,409,433,617,779,993,1272,1474
2689,3905,NA,NA,NA,NA,NA,NA,NA,NA,NA,33614,405,264,270,204,196,197,196,210,192,150,136,111

9270 : APAN-KR-AS National Infomation Society Agency, KR
5,14,15,41,46,38,34,64,30,27,51,56,31,23,22,21,20,20,22,19,20,22,18,21
690,400,480,211,244,454,593,350,864,1075,711,701,1368,2117,2694,2963,3738,4404,4530,5775,6210,5966,7599,6203

5410 : BOUYGTEL-ISP, FR
4,6,12,10,24,72,88,106,108,99,108,105,119,124,137,107,118,113,116,149,175,202,161,167
881,885,584,836,503,211,209,214,247,293,280,321,332,377,409,667,744,910,867,1022,895,775,1057,1037

5089 : NTL, GB
16,33,34,53,70,110,115,135,160,177,207,190,354,385,317,308,301,270,211,172,157,147,135,121
199,176,198,153,147,136,157,157,164,163,148,171,124,148,181,209,235,273,344,822,1054,1075,1251,1433

1273 : CW Vodafone Group PLC, EU
50,98,188,191,83,326,363,426,415,400,398,404,445,413,432,457,410,414,406,413,399,390,400,389
55,54,37,52,126,50,56,56,69,91,94,94,106,141,152,165,183,192,207,291,345,386,404,411

8333 : NEXTRA-, AT
3,6,33,33,21,18,NA,NA,NA,NA,NA,NA,NA,NA,NA,NA,NA,NA,NA,NA,NA,NA,NA,NA
1301,935,206,256,560,792,NA,NA,NA,NA,NA,NA,NA,NA,NA,NA,NA,NA,NA,NA,NA,NA,NA,NA

16735 : ALGAR TELECOM SA, BR
NA,2,4,5,5,5,9,22,60,70,120,283,536,878,1036,1209,823,930,1061,1211,1304,1258,1312,853
NA,6607,1862,1622,1820,2099,1535,899,482,456,255,117,92,61,62,56,129,125,119,140,141,121,131,201

4844 : SUPERINTERNET-AS-AP SuperInternet ACCESS Pte Ltd, SG
NA,NA,1,3,5,3,2,3,8,2,2,8,9,13,395,417,327,367,419,226,258,275,331,199
NA,NA,9390,3339,1672,4355,8856,5631,2278,13455,14096,3413,3801,3339,160,174,222,216,201,515,544,555,490,878

4766 : KIXS-AS-KR Korea Telecom, KR
54,179,210,260,289,337,371,376,399,427,427,446,447,481,487,478,522,578,565,699,752,657,648,666
52,30,33,32,40,46,55,66,74,81,89,86,103,122,145,162,159,163,163,190,202,232,257,250

57866 : FUSIX-AS, NL
NA,NA,NA,NA,NA,NA,NA,NA,NA,NA,NA,NA,NA,3,3,3,360,92,78,68,108,132,185,199
NA,NA,NA,NA,NA,NA,NA,NA,NA,NA,NA,NA,NA,8394,10621,11771,207,1165,1566,2056,1632,1197,955,875

48268 : -Reserved AS-, ZZ
NA,NA,NA,NA,NA,NA,NA,NA,NA,2,407,175,189,72,16,20,6,NA,NA,NA,NA,NA,NA,NA
NA,NA,NA,NA,NA,NA,NA,NA,NA,19544,93,189,203,837,3325,3001,7578,NA,NA,NA,NA,NA,NA,NA

206313 : FFNW-AS, DE
NA,NA,NA,NA,NA,NA,NA,NA,NA,NA,NA,NA,NA,NA,NA,NA,NA,NA,89,104,770,829,852,13
NA,NA,NA,NA,NA,NA,NA,NA,NA,NA,NA,NA,NA,NA,NA,NA,NA,NA,1303,1650,195,184,205,8876

5594 : LHSYSHU Neumann Janos u. 1E., HU
32,62,33,25,14,NA,NA,NA,1,1,1,1,1,1,1,1,2,2,1,1,1,1,1,1
96,81,207,354,789,NA,NA,NA,24086,26717,28706,31121,33725,35939,38370,38491,25812,27247,47879,50162,52580,54758,56164,47474

50673 : SERVERIUS-AS, NL
NA,NA,NA,NA,NA,NA,NA,NA,NA,NA,NA,2,15,67,114,122,176,211,225,653,1587,858,896,1108
NA,NA,NA,NA,NA,NA,NA,NA,NA,NA,NA,10253,2648,909,531,529,402,345,323,204,123,174,189,153

5377 : MARLINK-EMEA, NO
36,35,40,41,50,45,26,16,16,17,10,11,8,4,4,5,4,3,6,8,8,10,15,22
90,164,173,208,218,355,715,1130,1322,1573,2503,2740,4021,7057,8749,6971,9828,14966,8906,8593,9447,9235,8275,6077

8167 : V tal, BR
5,13,17,23,25,42,94,109,132,127,150,132,164,215,248,191,153,187,222,229,221,235,216,163
684,438,415,379,488,398,195,207,194,229,208,251,240,222,227,313,485,386,324,505,646,666,783,1063

8717 : A1, BG
7,9,11,11,17,24,33,50,100,120,128,157,178,233,270,256,281,305,286,370,389,425,420,427
460,642,661,811,674,657,604,484,261,241,243,215,221,200,208,238,252,242,265,324,358,356,381,375

210312 : DNET DaKnObNET, GR
NA,NA,NA,NA,NA,NA,NA,NA,NA,NA,NA,NA,NA,NA,NA,NA,NA,NA,NA,2,3,3,2,853
NA,NA,NA,NA,NA,NA,NA,NA,NA,NA,NA,NA,NA,NA,NA,NA,NA,NA,NA,37938,21347,23065,37927,202

11039 : GWU, US
4,4,5,6,4,5,5,5,5,4,4,12,20,28,32,312,334,374,409,423,447,406,432,458
953,1495,1480,1248,2574,2011,2316,2638,3117,4978,5496,2533,2128,1817,1997,207,217,213,205,281,307,376,367,347

41497 : AS_QCOM, IT
NA,NA,NA,NA,NA,NA,NA,2,2,3,3,3,16,23,30,35,285,382,427,473,55,77,1,1
NA,NA,NA,NA,NA,NA,NA,15819,16803,6654,8026,8917,2600,2110,2072,2052,250,210,197,263,3489,2057,62286,53940

1680 : NV-ASN CELLCOM ltd., IL
7,22,19,19,18,25,32,47,62,139,178,181,214,222,242,248,274,265,290,385,442,464,538,513
423,250,363,457,624,628,620,515,455,203,172,183,182,211,229,247,256,281,262,310,309,336,313,313

8781 : QA-ISP, QA
3,2,1,1,3,2,3,4,8,42,97,125,158,226,225,222,205,145,161,174,168,180,174,161
1593,6269,11073,12602,3010,11359,5556,4165,2308,780,325,264,249,208,243,276,339,555,487,787,939,880,1005,1078

22548 : Nucleo de Inf. e Coord. do Ponto BR - NIC., BR
NA,NA,NA,2,3,4,37,37,63,11,150,277,447,609,761,877,1248,1738,2318,2417,96,192,198,203
NA,NA,NA,4208,3166,2733,542,652,436,2158,206,119,104,104,99,94,72,60,44,59,1856,818,873,856

18302 : SKG_NW-AS-KR SK Telecom, KR
NA,NA,NA,NA,5,18,33,74,127,131,129,121,69,61,54,46,37,30,28,28,22,17,16,14
NA,NA,NA,NA,1680,789,606,292,204,219,240,274,712,997,1304,1837,2473,3431,3985,4830,5956,7452,8187,8399

9116 : GOLDENLINES-ASN Partner Communications Main Autonomous System, IL
8,15,22,28,32,35,37,39,42,54,138,160,178,204,222,212,214,181,164,252,305,343,341,348
384,384,319,315,386,486,552,620,690,606,224,210,220,230,248,282,325,408,475,467,454,445,476,463

6079 : RCN-AS, US
13,37,223,239,57,227,221,230,270,369,412,319,311,316,333,353,383,390,412,410,456,454,452,471
238,152,29,40,183,76,90,100,99,96,91,105,136,161,177,192,194,208,204,293,300,338,353,332

1785 : AS-PAETEC-NET, US
27,47,64,98,82,86,116,123,126,323,300,299,293,299,320,94,8,11,14,16,14,10,8,6
113,110,100,89,129,183,154,175,205,103,108,111,141,166,180,818,5927,5832,5728,6182,7283,9260,10804,11917

28809 : NAUKANET-AS, RU
NA,NA,NA,NA,9,19,25,26,68,147,150,5,3,3,10,11,14,12,4,4,3,3,2,NA
NA,NA,NA,NA,1095,770,738,817,406,190,209,4728,10828,11943,4520,4493,4623,5734,12932,14158,17468,18016,24695,NA

8903 : AS8903 Evolutio Cloud Enabler. Network infrastructure & Peering., ES
17,27,37,37,41,24,15,13,19,16,20,16,18,18,24,25,29,31,26,39,36,52,58,41
190,206,181,226,289,642,1023,1283,1159,1616,1441,2081,2328,2551,2433,2513,2883,3332,4098,3912,4479,2697,2620,3368

6664 : ASN-IBSBKBONE INTERBUSINESS NET, IT
38,28,13,6,3,2,NA,NA,NA,NA,NA,NA,NA,NA,NA,NA,NA,NA,NA,NA,NA,NA,NA,NA
80,202,563,1386,3027,5230,NA,NA,NA,NA,NA,NA,NA,NA,NA,NA,NA,NA,NA,NA,NA,NA,NA,NA

15635 : YAHOO-UKL, GB
NA,2,2,25,38,55,86,109,2,1,1,1,1,1,NA,1,1,1,NA,NA,NA,NA,NA,NA
NA,5015,6481,352,326,284,215,209,7832,26365,28322,30727,33340,35490,NA,38002,42426,44870,NA,NA,NA,NA,NA,NA

7473 : SINGTEL-AS-AP Singapore Telecommunications Ltd, SG
20,90,211,279,134,140,156,156,383,205,188,219,221,231,503,490,480,454,434,539,488,442,513,482
150,57,32,28,83,107,118,136,76,137,162,155,174,205,140,157,168,184,195,231,282,345,323,324

5418 : NERDNET-AS Research platform for Nerds, NL
7,5,NA,NA,6,12,92,12,18,14,16,20,18,14,22,19,34,36,29,1,33,20,28,26
417,1060,NA,NA,1558,1105,201,1436,1237,1825,1823,1819,2360,3122,2622,3132,2572,3064,3862,54054,4687,6632,5251,5364

12713 : OTEGLOBE 6-8 Agisilaou Str., 15123 Maroussi, Hellas, GR
4,5,4,12,29,77,131,120,136,129,145,135,142,170,179,189,205,192,202,287,340,368,380,386
935,1149,1816,719,424,202,136,188,185,223,215,246,280,273,316,318,340,377,361,408,413,421,429,416

12301 : INVITECH, HU
5,8,14,15,24,36,35,41,55,97,140,162,200,163,175,182,191,200,190,275,259,241,294,291
584,653,497,607,498,476,578,595,536,306,222,207,194,290,321,326,363,364,393,422,543,649,550,573

2603 : NORDUNET, DK
28,27,31,48,50,51,56,47,46,137,202,214,516,669,724,622,939,983,1381,1031,1078,903,983,538
108,204,223,175,217,302,329,510,621,207,154,158,93,95,118,141,120,121,103,152,151,164,169,304

20676 : PLUSNET *****************, DE
NA,NA,5,13,55,104,133,151,161,136,157,131,144,166,161,157,169,160,147,215,241,288,273,273
NA,NA,1413,688,196,145,135,141,163,209,196,256,276,280,339,370,430,475,567,565,590,532,606,605

8737 : PT, NL
5,10,14,26,52,65,55,62,74,65,58,51,52,50,51,54,2,2,3,3,1,1,2,2
620,552,496,334,205,239,333,360,363,494,623,774,973,1137,1341,1612,20786,21642,14520,15778,44731,47032,24393,24476

5392 : TELNET-ITALY TELNET S.r.l., IT
4,3,7,3,15,95,95,97,98,109,124,22,25,28,39,239,287,380,417,376,422,471,526,547
886,1867,1020,2613,738,156,192,228,264,261,249,1633,1741,1851,1768,254,246,211,203,318,320,332,319,300

18881 : TELEFONICA BRASIL S.A, BR
NA,1,2,1,5,6,8,10,28,47,89,139,294,469,624,651,856,777,812,293,716,416,386,367
NA,9635,8672,11992,1846,1898,1733,1667,902,716,359,240,139,126,130,137,125,142,138,395,209,365,420,436

27319 : ISC-F-AS, US
NA,NA,NA,NA,9,34,45,44,46,43,150,NA,1,1,1,1,1,1,1,NA,NA,NA,NA,NA
NA,NA,NA,NA,1105,502,442,553,629,761,207,NA,38594,41236,43798,43672,49133,51873,54590,NA,NA,NA,NA,NA

4134 : CHINANET-BACKBONE No.31,Jin-rong Street, CN
7,19,38,70,67,95,92,90,126,145,164,143,153,155,143,152,202,210,215,269,361,469,447,411
433,285,177,112,154,157,198,243,206,192,189,235,255,306,386,384,341,346,335,435,390,334,357,389

8075 : MICROSOFT-CORP-MSN-AS-BLOCK, US
NA,NA,NA,67,69,372,389,119,489,138,148,135,231,250,317,379,394,410,395,522,595,601,609,576
NA,NA,NA,120,149,43,52,189,57,205,210,244,170,188,182,186,188,196,210,240,243,264,272,281

3269 : ASN-IBSNAZ, IT
12,57,110,109,105,93,89,78,116,132,169,124,137,143,146,151,183,157,184,189,201,255,237,239
265,94,62,78,100,166,208,283,222,216,182,266,291,324,378,393,386,488,410,689,730,611,707,701

1403 : EBOX, CA
NA,NA,NA,NA,NA,NA,NA,NA,NA,NA,1,2,3,4,8,9,14,331,418,443,471,477,479,499
NA,NA,NA,NA,NA,NA,NA,NA,NA,NA,31405,15663,9967,7622,4848,4760,4490,229,202,275,291,326,333,318

58952 : FRONTIIRCOLTD-MM Frontiir Co. Ltd, MM
NA,NA,NA,NA,NA,NA,NA,NA,NA,NA,NA,NA,NA,NA,NA,1,4,88,77,150,153,793,860,897
NA,NA,NA,NA,NA,NA,NA,NA,NA,NA,NA,NA,NA,NA,NA,45938,11206,1246,1608,1010,1094,193,203,184

4181 : TDS-AS, US
2,2,4,169,46,75,102,103,116,103,116,119,145,594,600,696,726,721,790,772,737,673,601,623
1863,2861,1662,57,239,208,179,220,219,279,262,276,273,110,132,132,138,147,142,176,204,226,279,262

27446 : AS-ERCBB, US
NA,NA,NA,NA,2,3,4,5,5,3,4,6,6,5,15,18,20,396,490,497,529,497,19,17
NA,NA,NA,NA,4235,3197,2810,2626,3103,5489,4639,4017,4691,5709,3391,3217,3650,203,180,253,265,312,7147,7456

3291 : PSINET-EUROPE PSINet Europe  VIA NET.WORKS international AS, US
NA,NA,NA,83,122,121,126,108,4,3,3,2,2,2,2,2,2,2,2,NA,2,2,1,NA
NA,NA,NA,100,88,119,140,210,4019,5778,6281,10126,11322,12559,14984,15133,17272,17706,20142,NA,22600,24591,49161,NA

7660 : APAN-JP Asia Pacific Advanced Network - Japan, JP
9,27,21,28,20,53,53,54,57,252,247,309,502,659,701,578,449,603,616,657,630,668,580,470
350,203,327,311,589,297,358,448,511,114,123,106,96,98,121,145,174,160,159,202,232,230,292,333

21011 : TOPNET, UA
NA,NA,2,4,8,11,4,5,14,107,153,168,207,241,259,266,268,683,3,NA,4,1,NA,NA
NA,NA,6939,2145,1225,1170,3374,3085,1506,270,203,200,185,193,215,233,259,151,14768,NA,13683,48464,NA,NA

15830 : EQUINIX, NL
NA,NA,2,1,6,10,11,19,133,155,171,170,195,232,250,261,306,288,303,394,405,1194,1300,1809
NA,NA,6449,11730,1611,1211,1296,997,193,184,178,195,199,204,224,235,231,256,251,301,338,125,133,94

205112 : PHILUNET, DE
NA,NA,NA,NA,NA,NA,NA,NA,NA,NA,NA,NA,NA,NA,NA,NA,NA,NA,1,20,17,81,775,787
NA,NA,NA,NA,NA,NA,NA,NA,NA,NA,NA,NA,NA,NA,NA,NA,NA,NA,59041,5653,6700,1992,220,208

5388 : ENERGIS-AS UK Backbone Network, GB
13,26,32,46,57,64,77,73,65,58,41,4,4,4,3,1,1,1,1,1,NA,NA,NA,NA
237,213,213,184,184,241,233,294,419,565,848,5449,6209,6867,10738,32382,36036,38029,40527,42648,NA,NA,NA,NA

7474 : OPTUSCOM-AS01-AU SingTel Optus Pty Ltd, AU
72,102,115,134,118,148,165,167,195,172,155,174,181,172,190,239,291,255,297,334,361,353,368,345
36,52,58,66,91,102,114,131,137,167,201,190,216,267,291,255,242,289,256,359,391,430,442,465

210937 : SHOWFOM, DE
NA,NA,NA,NA,NA,NA,NA,NA,NA,NA,NA,NA,NA,NA,NA,NA,NA,NA,NA,NA,NA,NA,785,793
NA,NA,NA,NA,NA,NA,NA,NA,NA,NA,NA,NA,NA,NA,NA,NA,NA,NA,NA,NA,NA,NA,216,207

15436 : WITBE-AS, FR
NA,2,6,31,53,67,12,20,18,9,20,14,31,25,32,39,26,26,58,86,73,75,66,83
NA,5382,1250,280,203,230,1202,957,1197,2464,1484,2347,1378,2015,2018,1955,3167,3756,2238,1816,2300,2091,2368,2066

56381 : AS-LEVEL66-NETWORK level66.network UG haftungsbeschrankt, DE
NA,NA,NA,NA,NA,NA,NA,NA,NA,NA,NA,NA,2,2,2,2,3,NA,NA,NA,NA,754,105,13
NA,NA,NA,NA,NA,NA,NA,NA,NA,NA,NA,NA,20152,21452,23671,23940,15895,NA,NA,NA,NA,204,1747,8778

15435 : KABELFOON DELTA Fiber Nederland, NL
NA,2,8,21,47,61,58,431,71,82,97,81,78,77,916,951,1245,1576,1552,1587,1691,632,642,774
NA,4437,841,418,236,256,311,54,379,355,322,414,568,758,74,83,75,87,96,116,118,248,261,210

25369 : BANDWIDTH-AS, GB
NA,NA,NA,2,1,7,6,38,2,4,35,44,63,85,96,97,118,181,157,179,260,754,560,405
NA,NA,NA,9089,14877,1690,2177,647,14530,5386,961,896,796,643,714,773,750,406,507,751,538,203,300,395

34347 : CITYNET-AT-AS, AT
NA,NA,NA,NA,NA,NA,2,96,116,138,138,646,73,86,103,88,95,114,114,214,202,216,322,335
NA,NA,NA,NA,NA,NA,10789,233,223,206,225,62,626,622,630,890,996,889,894,568,716,736,506,482

34224 : NETERRA-AS, BG
NA,NA,NA,NA,NA,5,18,39,114,130,151,196,214,246,250,262,292,3653,3265,4568,4731,3566,3369,4938
NA,NA,NA,NA,NA,2223,897,612,233,221,205,166,180,189,225,234,240,9,21,11,16,28,37,19

8758 : IWAY, CH
1,5,7,8,65,9,13,13,14,14,21,27,218,232,227,39,176,230,599,608,668,997,605,1119
4591,1042,984,1020,167,1360,1135,1295,1440,1767,1385,1330,175,202,242,1946,400,318,162,213,218,149,277,148

42 : WOODYNET-1, US
NA,NA,2,9,12,53,123,153,167,203,214,222,237,277,309,322,357,333,349,531,571,656,693,645
NA,NA,5867,896,838,293,143,138,157,138,144,153,166,178,184,201,208,227,230,235,250,233,239,255

35360 : GARGUNET, CH
NA,NA,NA,NA,NA,NA,1,1,1,1,NA,NA,NA,NA,NA,NA,NA,NA,NA,NA,1,1,844,875
NA,NA,NA,NA,NA,NA,21462,24193,26961,30070,NA,NA,NA,NA,NA,NA,NA,NA,NA,NA,56664,58986,207,193

3254 : AS-LUCKY Lucky Net Ltd, UA
16,18,16,13,11,12,14,9,9,9,11,7,3,9,8,7,5,12,11,12,15,12,5,4
202,313,451,700,947,1088,1102,1783,2097,2462,2374,3775,7893,4128,5052,5736,8374,5626,6492,7192,7068,8662,13424,14609

3561 : CENTURYLINK-LEGACY-SAVVIS, US
747,901,887,814,687,635,611,580,528,530,453,454,451,416,344,319,316,279,248,217,213,181,157,141
3,3,5,6,14,20,23,30,51,60,83,85,101,139,171,202,225,263,295,552,675,878,1088,1193

25091 : IP-MAX, CH
NA,NA,NA,1,NA,1,9,21,42,47,74,219,190,528,2124,2661,3010,3671,3889,4189,4351,4636,4939,5062
NA,NA,NA,12733,NA,18511,1512,922,685,706,465,154,201,119,16,7,10,8,12,14,21,16,16,18

48858 : MILECOM-AS, RU
NA,NA,NA,NA,NA,NA,NA,NA,NA,NA,3,10,8,31,26,9,32,53,127,186,727,766,780,907
NA,NA,NA,NA,NA,NA,NA,NA,NA,NA,6929,3012,4153,1602,2266,4861,2687,2510,726,704,207,198,219,182

24724 : ATMAN-FOREIGN-AS ATM S.A., PL
NA,NA,NA,5,9,18,23,39,119,160,168,190,204,234,267,284,318,230,214,250,768,825,890,452
NA,NA,NA,1615,1082,802,774,629,215,179,185,173,188,197,210,223,224,319,338,475,197,186,190,353

12741 : AS-NETIA Warszawa 02-822, PL
1,6,6,10,8,30,38,65,116,173,200,257,313,427,491,467,503,513,506,528,558,792,795,817
6271,883,1129,848,1165,559,541,347,226,166,155,128,134,135,143,164,163,171,172,237,255,194,214,205

31424 : NEXELLENT-AS AS31424 is operated by
NA,NA,NA,NA,NA,5,12,13,15,21,35,38,36,43,42,34,112,112,111,662,731,695,111,113
NA,NA,NA,NA,NA,2196,1212,1296,1356,1363,954,1016,1242,1261,1674,2095,811,921,951,197,206,221,1601,1603

4436 : AS-GTT-4436, US
19,34,32,41,53,89,115,122,176,223,250,272,312,441,500,316,1122,928,5,6,9,9,5,5
162,166,209,203,201,172,156,182,146,128,122,122,135,130,141,205,100,126,10175,10091,9097,9690,13431,13629

62167 : TISMI, NL
NA,NA,NA,NA,NA,NA,NA,NA,NA,NA,NA,NA,NA,NA,NA,NA,2,5,27,130,325,858,858,851
NA,NA,NA,NA,NA,NA,NA,NA,NA,NA,NA,NA,NA,NA,NA,NA,33191,9563,4015,1288,428,175,204,203

9266 : FIVEWAYS-HK Fiveways International Limited, HK
1,1,4,3,1,3,4,6,6,8,12,171,173,234,251,277,369,35,51,44,48,45,347,393
6209,9170,1841,2648,12959,3414,3034,2340,2967,2744,2259,192,230,196,222,227,202,3083,2894,3323,3697,2974,470,410

3223 : VOXILITY, GB
NA,NA,NA,NA,NA,NA,NA,NA,NA,NA,1,2,3,NA,NA,164,226,304,304,628,2829,589,613,1531
NA,NA,NA,NA,NA,NA,NA,NA,NA,NA,32051,23692,10481,NA,NA,355,307,244,250,207,54,272,271,106

50877 : AIRBEAM-AS AIRBEAM, IT
NA,NA,NA,NA,NA,NA,NA,NA,NA,NA,NA,1,NA,NA,NA,NA,NA,NA,23,624,1824,2075,2210,2271
NA,NA,NA,NA,NA,NA,NA,NA,NA,NA,NA,34806,NA,NA,NA,NA,NA,NA,4371,209,107,71,80,77

13768 : COGECO-PEER1, CA
3,11,38,99,88,131,157,213,231,238,247,231,260,256,274,312,324,331,313,415,462,476,363,351
1622,494,178,88,118,109,117,106,114,120,124,145,155,186,206,208,223,231,247,290,296,328,449,459

4809 : CHINATELECOM-CORE-WAN-CN2 China Telecom Next Generation Carrier Network, CN
NA,NA,NA,NA,NA,2,NA,5,19,22,22,28,40,46,69,104,200,265,323,652,514,487,422,299
NA,NA,NA,NA,NA,5163,NA,2762,1174,1305,1339,1264,1150,1200,1097,700,347,282,238,205,271,321,377,552

12050 : DIRECTV-BROADBAND, US
2,17,32,42,NA,NA,NA,NA,NA,NA,1,4,3,3,5,3,4,3,3,3,3,4,3,3
3483,317,210,196,NA,NA,NA,NA,NA,NA,24201,6268,9171,10075,6800,11864,9628,14429,16904,18213,19024,15785,20438,20191

16276 : OVH, FR
NA,NA,1,3,7,22,91,110,112,145,145,132,147,196,222,235,265,274,297,400,451,537,581,600
NA,NA,12167,2874,1359,681,205,206,239,193,216,252,268,237,250,259,261,270,254,298,305,290,291,272

10913 : INTERNAP-BLK, US
11,28,33,34,38,49,52,55,67,69,65,74,81,79,84,91,91,94,87,82,79,64,51,42
274,198,201,238,318,314,363,430,412,462,552,464,540,718,858,847,1037,1133,1339,1851,2125,2310,2878,3292

20912 : ASN-PANSERVICE, IT
NA,NA,1,2,2,2,3,5,4,10,14,13,9,12,13,77,84,105,99,510,619,756,846,886
NA,NA,9716,7159,7501,8597,3881,2759,3891,2257,1929,2419,3719,3443,3703,1051,1155,1002,1117,247,235,200,206,190

7303 : Telecom Argentina S.A., AR
15,34,26,15,10,23,28,45,55,64,78,83,90,109,122,117,123,129,151,181,178,198,230,235
210,168,259,594,997,665,674,534,532,502,424,405,465,443,485,570,697,698,538,735,877,791,723,722

12779 : ITGATE, IT
2,2,8,9,99,111,115,115,121,138,163,181,939,1391,2147,2286,2175,3069,3344,3599,3431,4016,4072,4201
3119,6551,888,919,105,134,155,194,213,204,191,182,45,30,15,14,27,17,18,22,35,21,26,27

21412 : CGATES-AS, LT
NA,NA,2,2,2,2,2,2,3,3,3,3,1,2,3,3,4,5,6,7,7,754,740,752
NA,NA,8667,10026,11124,12840,9617,10437,6509,7286,7779,8632,38151,13524,12361,11456,9410,8789,9328,9004,9904,201,230,219

5568 : RBNET, RU
27,28,33,29,34,76,116,123,130,418,310,341,711,408,919,129,138,144,31,33,39,38,36,26
115,200,208,305,361,206,153,180,199,85,106,102,70,143,73,490,573,558,3733,4405,4247,3468,4052,5296

12179 : INTERNAP-2BLK, US
12,26,30,33,40,42,41,46,44,51,46,42,49,61,65,62,68,67,62,58,54,43,42,33
254,211,227,249,295,388,481,525,647,661,772,923,1002,984,1142,1300,1423,1707,1953,2273,3497,3057,3383,4241

9191 : NEWNET, GB
3,11,19,41,60,80,92,110,115,87,91,96,87,44,NA,NA,NA,NA,NA,NA,1,1,NA,NA
1701,520,370,212,177,197,199,204,228,337,347,348,483,1246,NA,NA,NA,NA,NA,NA,57116,59438,NA,NA

15169 : GOOGLE, US
NA,4,6,37,70,113,141,171,196,219,225,260,274,324,342,368,396,404,386,597,683,745,748,720
NA,1619,1153,223,145,132,124,125,134,130,134,125,151,157,173,187,186,199,215,217,215,207,226,229

64271 : RIXCLOUD-INC, US
NA,NA,NA,NA,NA,NA,NA,NA,NA,NA,NA,NA,NA,NA,NA,NA,NA,NA,NA,128,4390,741,13,9
NA,NA,NA,NA,NA,NA,NA,NA,NA,NA,NA,NA,NA,NA,NA,NA,NA,NA,NA,1315,20,209,9143,10333

724 : DNIC-ASBLK-00721-00726, US
15,31,32,34,34,34,37,22,18,NA,NA,NA,NA,NA,NA,3,2,3,3,2,2,2,2,2
207,183,215,240,362,499,553,895,1211,NA,NA,NA,NA,NA,NA,10172,17189,12543,14507,21520,22506,24507,24383,24412

1290 : TELSTRAEUROPELTD-BACKBONE Telstra Europe Ltd, EU
22,37,32,1,1,76,91,100,106,103,111,106,113,112,113,119,118,68,9,10,2,2,2,2
134,150,211,11609,12793,205,202,224,251,278,272,318,350,425,543,557,748,1692,7148,7757,31547,33059,33805,25973

1913 : DNIC-ASBLK-01910-01914, US
15,44,39,50,44,39,39,28,46,NA,NA,4,2,3,5,3,3,3,2,3,3,3,3,3
208,118,176,168,259,432,516,779,624,NA,NA,5471,11262,8517,6945,10244,12275,12594,20059,15819,16506,17302,17913,19739

25973 : AS-GTT-25973, US
NA,NA,NA,3,124,73,91,147,176,194,210,788,547,90,52,29,5,2,1,3,1,1,1,1
NA,NA,NA,2978,87,210,204,150,147,150,146,44,91,576,1325,2264,8389,23692,41512,16010,45873,48187,49187,50901

262589 : INTERNEXA Brasil Operadora de Telecomunicacoes S.A, BR
NA,NA,NA,NA,NA,NA,NA,NA,NA,NA,NA,NA,2,88,143,203,315,394,269,465,500,627,669,624
NA,NA,NA,NA,NA,NA,NA,NA,NA,NA,NA,NA,11448,600,390,291,226,204,277,264,276,250,248,260

9121 : TTNET, TR
20,49,54,53,56,66,86,111,225,311,302,246,224,226,225,231,237,232,210,248,244,259,297,315
160,106,123,154,188,235,216,203,118,104,107,134,173,209,244,262,293,316,346,480,581,599,545,514

32787 : PROLEXIC-TECHNOLOGIES-DDOS-MITIGATION-NETWORK, US
NA,NA,NA,NA,NA,5,51,82,89,92,99,115,133,165,188,299,370,336,421,527,599,894,1085,1200
NA,NA,NA,NA,NA,2343,377,272,287,324,315,286,304,285,301,215,201,226,199,238,241,168,156,135

23393 : NUCDN, US
NA,NA,NA,16,33,42,46,65,138,137,114,111,121,121,130,144,234,228,226,289,365,409,44,48
NA,NA,NA,581,382,401,423,342,183,208,266,304,326,391,435,418,297,322,319,403,382,371,3276,2991

12874 : FASTWEB, IT
1,5,17,31,52,77,98,113,160,285,257,298,326,649,794,700,718,703,668,662,784,596,564,566
6375,1046,425,276,208,203,188,197,165,109,118,113,130,101,93,131,140,150,152,198,191,266,299,288

