43531 : IXREACH, FR
None;  None;  None;  None;  None;  None;  None;  None;  None;  5979 | 3;  20808 | 2;  1097 | 34;  521 | 83;  38 | 1124;  56 | 1104;  57 | 1206;  8 | 3390;  5 | 4265;  66 | 2165;  95 | 1837;  48 | 2955;  54 | 2495;  74 | 2336;  1382 | 126;  

5580 : GTT-ASIA, NL
1790 | 2;  None;  None;  None;  None;  None;  None;  None;  None;  None;  67 | 540;  194 | 170;  42 | 999;  9 | 1977;  36 | 1536;  51 | 1315;  58 | 1428;  52 | 1765;  499 | 159;  48 | 2613;  3111 | 63;  2527 | 56;  3407 | 42;  2917 | 49;  

25091 : IP-MAX, CH
None;  None;  None;  12733 | 1;  None;  18511 | 1;  1512 | 9;  922 | 21;  685 | 42;  706 | 47;  465 | 74;  154 | 219;  201 | 190;  119 | 528;  16 | 2124;  7 | 2661;  10 | 3010;  8 | 3671;  12 | 3889;  14 | 4189;  21 | 4351;  16 | 4636;  16 | 4939;  18 | 5062;  

8220 : COLT COLT Technology Services Group Limited, GB
125 | 25;  96 | 54;  66 | 103;  45 | 229;  6 | 977;  8 | 1022;  7 | 1133;  24 | 653;  38 | 599;  47 | 614;  58 | 599;  37 | 903;  68 | 712;  68 | 847;  119 | 708;  129 | 713;  9 | 3155;  7 | 3704;  14 | 3564;  5 | 5428;  45 | 3015;  26 | 3673;  32 | 3615;  41 | 3225;  

6461 : ZAYO-6461, US
21 | 130;  6 | 615;  6 | 835;  8 | 736;  10 | 749;  11 | 816;  12 | 923;  10 | 979;  14 | 1024;  17 | 1094;  28 | 1021;  30 | 1034;  34 | 1147;  34 | 1241;  42 | 1371;  43 | 1477;  49 | 1652;  58 | 1740;  75 | 1867;  84 | 2059;  86 | 2281;  60 | 2384;  60 | 2576;  59 | 2653;  

3549 : LVLT-3549, US
16 | 156;  9 | 590;  8 | 681;  7 | 764;  12 | 725;  18 | 698;  16 | 771;  12 | 935;  12 | 1122;  11 | 1343;  14 | 1440;  12 | 1574;  16 | 1644;  4 | 2656;  2 | 6004;  3 | 4306;  2 | 6170;  24 | 2827;  29 | 2656;  47 | 2629;  84 | 2331;  12 | 5930;  118 | 1502;  145 | 1149;  

22822 : LLNW, US
None;  None;  10298 | 1;  2005 | 4;  869 | 12;  151 | 99;  107 | 177;  74 | 333;  102 | 260;  118 | 247;  9 | 1510;  131 | 247;  158 | 249;  176 | 281;  238 | 230;  265 | 228;  289 | 239;  294 | 251;  285 | 260;  312 | 383;  293 | 469;  307 | 512;  328 | 503;  316 | 500;  

2914 : NTT-LTD-2914, US
6 | 392;  10 | 450;  12 | 555;  11 | 622;  13 | 710;  10 | 848;  24 | 611;  22 | 667;  27 | 736;  35 | 753;  37 | 735;  45 | 758;  48 | 860;  50 | 981;  49 | 1195;  53 | 1290;  62 | 1392;  83 | 1644;  78 | 1762;  94 | 1849;  109 | 1798;  93 | 1767;  108 | 1670;  101 | 1630;  

701 : UUNET, US
1 | 1514;  1 | 2193;  1 | 2620;  1 | 2610;  1 | 2413;  1 | 2416;  1 | 2446;  1 | 2438;  1 | 2888;  1 | 2736;  7 | 2102;  7 | 1981;  10 | 1934;  20 | 1759;  33 | 1627;  37 | 1621;  64 | 1379;  99 | 1339;  107 | 1255;  136 | 1261;  132 | 1417;  109 | 1419;  123 | 1465;  122 | 1344;  

39533 : ASYMPTO, HU
None;  None;  None;  None;  None;  None;  None;  24173 | 1;  26924 | 1;  None;  32391 | 1;  35164 | 1;  38205 | 1;  40783 | 1;  43311 | 1;  43213 | 1;  None;  None;  None;  None;  150 | 1086;  5 | 7359;  139 | 1243;  2798 | 52;  

3356 : LEVEL3, US
20 | 132;  12 | 360;  15 | 393;  12 | 617;  5 | 1049;  4 | 1289;  5 | 1317;  5 | 1386;  4 | 1792;  3 | 2234;  2 | 2685;  3 | 2929;  4 | 3271;  3 | 3561;  4 | 4003;  4 | 4100;  5 | 4385;  4 | 4729;  4 | 5053;  7 | 5209;  11 | 5471;  13 | 5893;  9 | 6450;  10 | 6512;  

702 : UUNET, US
18 | 150;  14 | 341;  10 | 648;  10 | 637;  15 | 598;  19 | 661;  22 | 622;  27 | 629;  30 | 636;  45 | 628;  61 | 585;  82 | 512;  95 | 509;  127 | 465;  157 | 407;  184 | 384;  193 | 384;  219 | 364;  237 | 323;  370 | 318;  464 | 297;  526 | 291;  564 | 290;  584 | 283;  

9002 : RETN-AS, GB
None;  None;  None;  None;  None;  None;  None;  None;  None;  5 | 1938;  1 | 2757;  1 | 3359;  1 | 4124;  5 | 2593;  5 | 3315;  5 | 3729;  7 | 3646;  15 | 3154;  69 | 2045;  86 | 2003;  95 | 2040;  74 | 2028;  86 | 2072;  65 | 2558;  

5378 : Vodafone, GB
10 | 235;  20 | 243;  73 | 88;  134 | 62;  301 | 40;  310 | 50;  2976 | 4;  6601 | 2;  None;  None;  None;  None;  None;  None;  None;  None;  None;  12570 | 3;  6423 | 11;  7411 | 11;  8994 | 9;  7784 | 15;  4345 | 33;  3780 | 37;  

1 : LVLT-1, US
5 | 440;  7 | 596;  11 | 605;  9 | 663;  70 | 161;  1387 | 8;  3694 | 3;  24088 | 1;  None;  None;  8803 | 3;  9996 | 2;  3244 | 11;  3428 | 12;  3523 | 14;  4756 | 9;  4043 | 17;  7204 | 7;  5093 | 17;  5659 | 19;  7194 | 14;  7476 | 16;  6789 | 20;  4034 | 35;  

8359 : MTS, RU
428 | 7;  610 | 9;  638 | 11;  801 | 11;  916 | 11;  843 | 16;  785 | 22;  266 | 83;  24 | 796;  19 | 1037;  18 | 1322;  10 | 1692;  14 | 1776;  10 | 1961;  13 | 2176;  8 | 2380;  95 | 1140;  112 | 1072;  91 | 1570;  127 | 1354;  176 | 867;  75 | 1997;  101 | 1811;  87 | 2007;  

49605 : DTS-AS DTS, IT
None;  None;  None;  None;  None;  None;  None;  None;  None;  None;  24033 | 1;  26242 | 1;  28542 | 1;  30382 | 1;  237 | 231;  243 | 250;  78 | 1242;  10 | 3593;  8 | 4148;  10 | 4574;  15 | 4891;  197 | 777;  46 | 2914;  46 | 3021;  

14840 : BR Digital, BR
None;  5913 | 2;  None;  None;  None;  12683 | 2;  14269 | 2;  3635 | 4;  3930 | 4;  18917 | 2;  4098 | 5;  1933 | 18;  98 | 472;  99 | 656;  88 | 823;  73 | 1017;  55 | 1445;  79 | 1665;  57 | 2294;  65 | 2314;  10 | 5522;  3 | 8967;  2 | 9554;  214 | 759;  

20485 : TRANSTELECOM Moscow, Russia, RU
None;  None;  334 | 21;  118 | 68;  106 | 98;  100 | 153;  49 | 401;  39 | 510;  35 | 606;  75 | 465;  80 | 471;  84 | 461;  47 | 897;  19 | 1763;  24 | 1989;  6 | 2841;  6 | 3831;  22 | 2940;  72 | 1912;  42 | 2850;  88 | 2201;  61 | 2360;  93 | 1909;  74 | 2332;  

39120 : CONVERGENZE-AS ISP services in Italy, IT
None;  None;  None;  None;  None;  None;  20792 | 1;  10496 | 2;  11422 | 2;  2853 | 7;  2887 | 8;  4063 | 6;  889 | 57;  894 | 68;  800 | 88;  597 | 113;  569 | 138;  569 | 142;  470 | 166;  488 | 240;  5 | 7563;  8 | 6407;  11 | 5977;  12 | 6163;  

24482 : SGGS-AS-AP SG.GS, SG
None;  None;  None;  None;  None;  None;  19430 | 1;  21460 | 1;  23626 | 1;  26239 | 1;  28204 | 1;  16741 | 2;  3133 | 12;  3693 | 11;  360 | 153;  308 | 196;  3 | 5400;  2 | 6122;  2 | 6829;  2 | 7562;  4 | 8085;  4 | 8779;  4 | 9131;  3 | 9126;  

3561 : CENTURYLINK-LEGACY-SAVVIS, US
3 | 747;  3 | 901;  5 | 887;  6 | 814;  14 | 687;  20 | 635;  23 | 611;  30 | 580;  51 | 528;  60 | 530;  83 | 453;  85 | 454;  101 | 451;  139 | 416;  171 | 344;  202 | 319;  225 | 316;  263 | 279;  295 | 248;  552 | 217;  675 | 213;  878 | 181;  1088 | 157;  1193 | 141;  

267613 : ELETRONET S.A., BR
None;  None;  None;  None;  None;  None;  None;  None;  None;  None;  None;  None;  None;  None;  None;  None;  None;  None;  None;  400 | 290;  8 | 5614;  11 | 6194;  15 | 5134;  16 | 5132;  

19151 : BBO-1, US
None;  8264 | 1;  11001 | 1;  243 | 34;  197 | 54;  169 | 92;  112 | 165;  19 | 787;  21 | 850;  9 | 1625;  20 | 1267;  16 | 1473;  7 | 2112;  8 | 2085;  19 | 2064;  31 | 1795;  36 | 1936;  155 | 643;  158 | 622;  174 | 775;  185 | 813;  192 | 797;  212 | 800;  177 | 918;  

199524 : GCORE, LU
None;  None;  None;  None;  None;  None;  None;  None;  None;  None;  None;  None;  None;  None;  349 | 157;  376 | 156;  419 | 172;  398 | 182;  308 | 239;  309 | 387;  263 | 534;  7 | 6849;  6 | 7539;  13 | 6044;  

8492 : OBIT-AS OBIT Ltd., RU
None;  None;  None;  None;  None;  None;  2799 | 5;  3723 | 4;  567 | 52;  36 | 705;  11 | 1459;  11 | 1612;  9 | 1945;  14 | 1862;  8 | 2559;  21 | 2023;  14 | 2814;  21 | 3002;  7 | 4213;  30 | 3314;  36 | 3420;  29 | 3548;  87 | 2051;  93 | 1812;  

6730 : SUNRISE, CH
79 | 38;  32 | 168;  41 | 179;  44 | 230;  9 | 792;  57 | 312;  8 | 1072;  8 | 1158;  11 | 1127;  20 | 1036;  29 | 1007;  27 | 1135;  50 | 846;  167 | 298;  191 | 297;  74 | 1014;  145 | 674;  123 | 973;  164 | 563;  148 | 1095;  268 | 524;  162 | 914;  1183 | 144;  1194 | 141;  

4513 : INTERNAP-4513, US
73 | 40;  45 | 110;  4 | 1074;  5 | 862;  77 | 143;  9 | 1006;  10 | 994;  70 | 339;  93 | 298;  2703 | 8;  None;  None;  None;  None;  None;  None;  None;  None;  None;  None;  None;  None;  None;  None;  

2548 : ALGX-ATCW-AS, US
7 | 270;  11 | 439;  30 | 219;  30 | 265;  62 | 206;  None;  None;  None;  None;  None;  None;  None;  None;  None;  None;  None;  None;  None;  None;  None;  None;  None;  None;  None;  

35280 : F5, FR
None;  None;  None;  None;  None;  None;  None;  None;  None;  None;  None;  None;  None;  None;  None;  None;  3335 | 24;  2909 | 40;  1582 | 78;  261 | 475;  127 | 1517;  96 | 1675;  98 | 1864;  4 | 8624;  

12989 : STACKPATH, US
None;  7301 | 1;  9493 | 1;  None;  365 | 34;  312 | 49;  191 | 96;  32 | 566;  20 | 872;  23 | 988;  24 | 1090;  96 | 389;  19 | 1587;  15 | 1855;  9 | 2473;  23 | 1974;  12 | 2886;  167 | 534;  102 | 1457;  303 | 392;  334 | 411;  1193 | 132;  2183 | 75;  2571 | 58;  

293 : ESNET, US
9 | 243;  23 | 214;  28 | 224;  51 | 197;  63 | 188;  83 | 198;  96 | 200;  103 | 221;  112 | 235;  289 | 100;  110 | 283;  108 | 305;  137 | 309;  164 | 303;  188 | 306;  216 | 297;  241 | 291;  258 | 285;  270 | 277;  386 | 301;  481 | 284;  308 | 507;  320 | 523;  321 | 486;  

137409 : GSLNETWORKS-AS-AP GSL Networks Pty LTD, AU
None;  None;  None;  None;  None;  None;  None;  None;  None;  None;  None;  None;  None;  None;  None;  None;  None;  None;  None;  8325 | 9;  2386 | 71;  295 | 529;  45 | 2955;  7 | 6816;  

4589 : EASYNET Easynet Global Services, EU
913 | 4;  None;  103 | 62;  65 | 144;  7 | 962;  13 | 764;  100 | 191;  31 | 574;  8 | 1291;  12 | 1322;  17 | 1366;  20 | 1322;  29 | 1231;  35 | 1236;  47 | 1247;  54 | 1278;  91 | 1186;  111 | 1081;  135 | 855;  6979 | 13;  8676 | 10;  11526 | 6;  12364 | 6;  18521 | 3;  

51185 : ONECOM-AS, GB
None;  None;  None;  None;  None;  None;  None;  None;  None;  None;  None;  326 | 105;  259 | 152;  289 | 164;  60 | 1055;  64 | 1144;  50 | 1643;  92 | 1470;  20 | 3285;  4 | 5462;  3 | 8597;  2 | 9011;  3 | 9283;  2 | 9127;  

28186 : ITS TELECOMUNICACOES LTDA, BR
None;  None;  None;  None;  None;  None;  None;  None;  None;  25022 | 1;  6650 | 3;  1312 | 27;  2943 | 13;  1263 | 43;  1267 | 56;  1185 | 69;  1519 | 62;  1270 | 87;  1032 | 106;  13 | 4213;  7 | 5622;  101 | 1563;  173 | 968;  387 | 412;  

39792 : NICOLASCHEVRIER-AS, FR
None;  None;  None;  None;  None;  None;  None;  1520 | 11;  50 | 529;  14 | 1229;  16 | 1368;  8 | 1930;  12 | 1871;  11 | 1954;  18 | 2115;  19 | 2039;  39 | 1856;  1313 | 85;  55595 | 1;  None;  None;  8733 | 12;  10413 | 9;  32133 | 2;  

7018 : ATT-INTERNET4, US
4 | 454;  4 | 841;  3 | 1244;  3 | 1555;  3 | 1731;  2 | 1981;  2 | 2052;  2 | 2074;  3 | 2125;  4 | 2231;  5 | 2311;  5 | 2423;  6 | 2464;  6 | 2446;  10 | 2461;  10 | 2353;  22 | 2432;  33 | 2420;  36 | 2408;  54 | 2487;  75 | 2532;  49 | 2583;  58 | 2580;  67 | 2484;  

34695 : E4A-AS, GB
None;  None;  None;  None;  None;  None;  4964 | 3;  6505 | 3;  6748 | 3;  44 | 633;  12 | 1455;  6 | 2169;  5 | 2770;  304 | 155;  497 | 119;  404 | 149;  393 | 180;  743 | 125;  491 | 160;  594 | 209;  3632 | 50;  2213 | 68;  2405 | 64;  2732 | 54;  

58511 : ANYCAST-GLOBAL-BACKBONE Anycast Global Backbone, AU
None;  None;  None;  None;  None;  None;  None;  None;  None;  None;  None;  None;  None;  31665 | 1;  3460 | 15;  167 | 446;  15 | 2794;  6 | 4021;  6 | 4734;  8 | 4814;  13 | 5357;  14 | 5511;  12 | 5628;  9 | 6599;  

1828 : UNITAS, US
None;  None;  None;  None;  None;  None;  None;  None;  None;  None;  None;  34035 | 1;  21144 | 2;  1487 | 33;  2489 | 23;  2077 | 34;  510 | 148;  712 | 127;  3024 | 48;  2329 | 56;  492 | 280;  323 | 482;  10 | 6231;  5 | 8556;  

48166 : FORTEX-AS, RU
None;  None;  None;  None;  None;  None;  None;  None;  None;  30513 | 1;  1635 | 18;  1384 | 26;  1554 | 27;  32 | 1303;  6 | 2890;  11 | 2304;  11 | 2909;  1109 | 96;  1087 | 102;  863 | 166;  1381 | 125;  1744 | 94;  1944 | 92;  2265 | 71;  

3257 : GTT-BACKBONE GTT, US
39 | 66;  5 | 629;  9 | 657;  13 | 605;  17 | 467;  41 | 395;  58 | 349;  58 | 418;  54 | 519;  56 | 576;  40 | 708;  41 | 797;  46 | 909;  47 | 999;  66 | 1013;  68 | 1100;  57 | 1441;  94 | 1440;  86 | 1631;  107 | 1686;  94 | 2055;  73 | 2048;  79 | 2226;  40 | 3269;  

4323 : CENTURYLINK-LEGACY-TWTC, US
123 | 25;  76 | 69;  39 | 183;  22 | 312;  24 | 434;  24 | 545;  14 | 834;  11 | 959;  10 | 1165;  13 | 1307;  15 | 1433;  19 | 1395;  20 | 1523;  23 | 1667;  28 | 1813;  22 | 1980;  37 | 1921;  1370 | 82;  9 | 4053;  17 | 3997;  39 | 3279;  10138 | 8;  4699 | 31;  17720 | 3;  

3303 : SWISSCOM Swisscom Switzerland Ltd, CH
69 | 42;  55 | 96;  21 | 272;  61 | 152;  8 | 819;  7 | 1025;  9 | 1051;  26 | 629;  26 | 749;  28 | 844;  30 | 938;  25 | 1161;  36 | 1081;  51 | 970;  83 | 860;  84 | 943;  136 | 735;  144 | 739;  141 | 803;  139 | 1216;  121 | 1658;  89 | 1832;  84 | 2092;  68 | 2435;  

174 : COGENT-174, US
24 | 104;  19 | 243;  44 | 170;  115 | 68;  123 | 86;  5 | 1157;  4 | 1691;  3 | 1930;  2 | 2136;  2 | 2462;  3 | 2601;  2 | 3070;  3 | 3475;  2 | 3861;  3 | 4282;  2 | 4381;  4 | 4821;  3 | 5171;  3 | 5403;  3 | 5792;  6 | 6165;  9 | 6381;  8 | 6650;  8 | 6746;  

6939 : HURRICANE, US
239 | 13;  153 | 37;  113 | 58;  109 | 71;  25 | 417;  16 | 738;  13 | 921;  9 | 985;  6 | 1433;  7 | 1764;  4 | 2451;  4 | 2878;  2 | 3863;  1 | 5048;  1 | 6216;  1 | 6627;  1 | 7842;  1 | 11417;  1 | 12534;  1 | 13399;  1 | 14681;  1 | 15930;  1 | 16867;  1 | 17395;  

60501 : SIRIUSTEC-, IT
None;  None;  None;  None;  None;  None;  None;  None;  None;  None;  None;  None;  None;  None;  None;  11000 | 3;  2773 | 31;  3650 | 27;  579 | 145;  6 | 5294;  2 | 8939;  6 | 6957;  7 | 7291;  83 | 2064;  

209 : CENTURYLINK-US-LEGACY-QWEST, US
8 | 252;  8 | 592;  7 | 777;  4 | 907;  4 | 1087;  6 | 1155;  6 | 1202;  6 | 1339;  7 | 1370;  10 | 1490;  10 | 1498;  15 | 1480;  22 | 1485;  26 | 1499;  34 | 1586;  35 | 1642;  43 | 1778;  45 | 1930;  70 | 1956;  88 | 1961;  105 | 1861;  99 | 1634;  126 | 1420;  136 | 1199;  

31500 : GLOBALNET-AS, AG
None;  None;  None;  None;  None;  14706 | 1;  1712 | 8;  1640 | 10;  469 | 61;  239 | 122;  19 | 1281;  14 | 1514;  15 | 1718;  271 | 171;  7 | 2798;  9 | 2363;  286 | 243;  267 | 276;  288 | 259;  141 | 1200;  112 | 1771;  72 | 2066;  92 | 1912;  51 | 2801;  

34224 : NETERRA-AS, BG
None;  None;  None;  None;  None;  2223 | 5;  897 | 18;  612 | 39;  233 | 114;  221 | 130;  205 | 151;  166 | 196;  180 | 214;  189 | 246;  225 | 250;  234 | 262;  240 | 292;  9 | 3653;  21 | 3265;  11 | 4568;  16 | 4731;  28 | 3566;  37 | 3369;  19 | 4938;  

61568 : ALOO TELECOM - FSF TECNOLOGIA SA, BR
None;  None;  None;  None;  None;  None;  None;  None;  None;  None;  None;  None;  None;  None;  None;  None;  1299 | 77;  1082 | 99;  806 | 121;  1564 | 110;  761 | 196;  457 | 332;  5 | 8024;  6 | 7901;  

12389 : ROSTELECOM-AS, RU
None;  None;  None;  None;  None;  None;  2543 | 5;  333 | 66;  156 | 169;  27 | 888;  8 | 1676;  40 | 816;  85 | 614;  76 | 789;  95 | 778;  136 | 669;  133 | 745;  113 | 1072;  109 | 1251;  124 | 1432;  136 | 1357;  113 | 1380;  67 | 2452;  118 | 1388;  

25227 : ASN-AVANTEL-MSK Located in Moscow, Russia., RU
None;  None;  None;  7256 | 2;  7601 | 2;  8686 | 2;  2984 | 4;  2772 | 5;  3905 | 4;  4951 | 4;  5457 | 4;  4377 | 6;  3229 | 12;  1757 | 29;  1831 | 38;  1189 | 69;  1648 | 54;  119 | 996;  10 | 4037;  149 | 1048;  156 | 1036;  1651 | 99;  2616 | 58;  2694 | 54;  

13030 : INIT7, CH
None;  1806 | 3;  2240 | 3;  929 | 9;  30 | 357;  12 | 780;  11 | 935;  7 | 1250;  120 | 223;  6 | 1801;  6 | 2108;  9 | 1719;  11 | 1934;  12 | 1909;  23 | 2007;  34 | 1686;  32 | 2008;  47 | 1896;  74 | 1887;  99 | 1761;  93 | 2070;  78 | 1954;  91 | 1950;  88 | 1925;  

13237 : LAMBDANET-AS European Backbone of AS13237, DE
None;  4910 | 2;  245 | 28;  14 | 600;  11 | 735;  17 | 714;  17 | 765;  18 | 795;  22 | 848;  29 | 834;  36 | 825;  46 | 751;  8 | 1984;  7 | 2138;  14 | 2153;  13 | 2294;  25 | 2216;  16 | 3104;  22 | 3228;  19 | 3752;  24 | 3991;  32 | 3447;  22 | 4217;  22 | 4711;  

36351 : SOFTLAYER, US
None;  None;  None;  None;  None;  None;  None;  3170 | 5;  3086 | 6;  2234 | 10;  1029 | 31;  559 | 65;  275 | 144;  54 | 927;  22 | 2011;  18 | 2046;  13 | 2820;  20 | 3011;  5 | 5052;  28 | 3415;  9 | 5525;  10 | 6373;  18 | 4635;  20 | 4797;  

25462 : RETN-UA-AS, GB
None;  None;  None;  None;  729 | 15;  68 | 252;  102 | 187;  14 | 918;  9 | 1174;  None;  27730 | 1;  30117 | 1;  32703 | 1;  34806 | 1;  37146 | 1;  37278 | 1;  41520 | 1;  43912 | 1;  46310 | 1;  48573 | 1;  50951 | 1;  53127 | 1;  54461 | 1;  50824 | 1;  

1239 : SPRINTLINK, US
2 | 798;  2 | 1150;  2 | 1526;  2 | 1773;  2 | 1791;  3 | 1769;  3 | 1786;  4 | 1771;  5 | 1721;  8 | 1696;  13 | 1440;  23 | 1230;  37 | 1075;  55 | 926;  87 | 823;  125 | 738;  146 | 664;  165 | 555;  184 | 478;  279 | 434;  323 | 420;  350 | 434;  59 | 2579;  39 | 3376;  

28260 : ALTA REDE CORPORATE NETWORK TELECOM LTDA - EPP, BR
None;  None;  None;  None;  None;  None;  None;  None;  None;  28075 | 1;  9445 | 2;  32760 | 1;  29035 | 1;  7113 | 4;  4098 | 11;  10426 | 3;  3209 | 25;  1403 | 81;  673 | 134;  9 | 4772;  42 | 3056;  633 | 245;  1511 | 115;  1321 | 129;  

