9721 : SEEHULINE GuangXi Seehu Technology Co., Ltd, CN
2000              ;2001              ;2002              ;2003              ;2004              ;2005              ;2006              ;2007              ;2008              ;2009              ;2010              ;2011              ;2012              ;2013              ;2014              ;2015              ;2016              ;2017              ;2018              ;2019              ;2020              ;2021              ;2022              ;2023              ;
2923( 2)          ;9166( 1)          ;None              ;None              ;None              ;None              ;None              ;None              ;None              ;None              ;None              ;None              ;None              ;None              ;None              ;None              ;None              ;None              ;None              ;None              ;None              ;None              ;None              ;None              ;

9808 : CHINAMOBILE-CN China Mobile Communications Group Co., Ltd., CN
2000              ;2001              ;2002              ;2003              ;2004              ;2005              ;2006              ;2007              ;2008              ;2009              ;2010              ;2011              ;2012              ;2013              ;2014              ;2015              ;2016              ;2017              ;2018              ;2019              ;2020              ;2021              ;2022              ;2023              ;
None              ;8375( 1)          ;10606( 1)         ;1812( 4)          ;2449( 4)          ;1568( 7)          ;1139( 13)         ;1005( 19)         ;965( 25)          ;1109( 26)         ;1135( 27)         ;1413( 25)         ;1183( 38)         ;2627( 18)         ;3221( 17)         ;3193( 19)         ;3627( 21)         ;4266( 21)         ;3825( 30)         ;3773( 41)         ;3824( 46)         ;4131( 32)         ;3063( 48)         ;2785( 52)         ;

7640 : CITICNET China International Trust & Investment Corporation Management Information Center, CN
2000              ;2001              ;2002              ;2003              ;2004              ;2005              ;2006              ;2007              ;2008              ;2009              ;2010              ;2011              ;2012              ;2013              ;2014              ;2015              ;2016              ;2017              ;2018              ;2019              ;2020              ;2021              ;2022              ;2023              ;
3919( 2)          ;6049( 2)          ;7764( 2)          ;8802( 2)          ;9532( 2)          ;None              ;17262( 1)         ;13088( 2)         ;14399( 2)         ;15923( 2)         ;25187( 1)         ;27487( 1)         ;29907( 1)         ;31787( 1)         ;34126( 1)         ;34330( 1)         ;38216( 1)         ;40635( 1)         ;42965( 1)         ;45070( 1)         ;47479( 1)         ;49705( 1)         ;51124( 1)         ;47684( 1)         ;

4134 : CHINANET-BACKBONE No.31,Jin-rong Street, CN
2000              ;2001              ;2002              ;2003              ;2004              ;2005              ;2006              ;2007              ;2008              ;2009              ;2010              ;2011              ;2012              ;2013              ;2014              ;2015              ;2016              ;2017              ;2018              ;2019              ;2020              ;2021              ;2022              ;2023              ;
433( 7)           ;285( 19)          ;177( 38)          ;112( 70)          ;154( 67)          ;157( 95)          ;198( 92)          ;243( 90)          ;206( 126)         ;192( 145)         ;189( 164)         ;235( 143)         ;255( 153)         ;306( 155)         ;386( 143)         ;384( 152)         ;341( 202)         ;346( 210)         ;335( 215)         ;435( 269)         ;390( 361)         ;334( 469)         ;357( 447)         ;389( 411)         ;

10212 : CHINAENTERCOM China Enterprise ICT Solutions Limited, CN
2000              ;2001              ;2002              ;2003              ;2004              ;2005              ;2006              ;2007              ;2008              ;2009              ;2010              ;2011              ;2012              ;2013              ;2014              ;2015              ;2016              ;2017              ;2018              ;2019              ;2020              ;2021              ;2022              ;2023              ;
None              ;None              ;1767( 4)          ;803( 11)          ;1830( 5)          ;1896( 6)          ;4090( 3)          ;6100( 3)          ;6923( 3)          ;3832( 5)          ;4233( 5)          ;9320( 3)          ;10447( 3)         ;11532( 3)         ;7875( 5)          ;7904( 5)          ;7855( 6)          ;7860( 7)          ;9692( 6)          ;7911( 10)         ;8733( 10)         ;9760( 9)          ;9355( 12)         ;9938( 10)         ;

7586 : CLOUDFORTIT-AS-AP Cloudfort IT, CN
2000              ;2001              ;2002              ;2003              ;2004              ;2005              ;2006              ;2007              ;2008              ;2009              ;2010              ;2011              ;2012              ;2013              ;2014              ;2015              ;2016              ;2017              ;2018              ;2019              ;2020              ;2021              ;2022              ;2023              ;
93( 33)           ;117( 45)          ;284( 24)          ;421( 21)          ;689( 16)          ;1001( 13)         ;1279( 12)         ;3004( 5)          ;5424( 3)          ;17514( 2)         ;None              ;None              ;None              ;None              ;None              ;None              ;None              ;None              ;None              ;None              ;None              ;None              ;70138( 1)         ;15077( 4)         ;

45102 : ALIBABA-CN-NET Alibaba US Technology Co., Ltd., CN
2000              ;2001              ;2002              ;2003              ;2004              ;2005              ;2006              ;2007              ;2008              ;2009              ;2010              ;2011              ;2012              ;2013              ;2014              ;2015              ;2016              ;2017              ;2018              ;2019              ;2020              ;2021              ;2022              ;2023              ;
None              ;None              ;None              ;None              ;None              ;None              ;None              ;None              ;None              ;None              ;28023( 1)         ;18201( 2)         ;7340( 4)          ;8099( 4)          ;6226( 6)          ;6746( 6)          ;2788( 30)         ;662( 131)         ;574( 145)         ;476( 249)         ;474( 289)         ;354( 428)         ;354( 452)         ;360( 441)         ;

4812 : CHINANET-SH-AP China Telecom Group, CN
2000              ;2001              ;2002              ;2003              ;2004              ;2005              ;2006              ;2007              ;2008              ;2009              ;2010              ;2011              ;2012              ;2013              ;2014              ;2015              ;2016              ;2017              ;2018              ;2019              ;2020              ;2021              ;2022              ;2023              ;
None              ;None              ;3539( 2)          ;1059( 8)          ;1353( 7)          ;1673( 7)          ;1267( 12)         ;1355( 13)         ;1405( 15)         ;1541( 18)         ;1818( 16)         ;2158( 16)         ;2614( 16)         ;2492( 19)         ;2242( 27)         ;2194( 31)         ;2591( 34)         ;2696( 49)         ;3059( 48)         ;3197( 46)         ;3427( 57)         ;2731( 51)         ;2668( 57)         ;2745( 53)         ;

4611 : XINHUANET CNNIC member, CN
2000              ;2001              ;2002              ;2003              ;2004              ;2005              ;2006              ;2007              ;2008              ;2009              ;2010              ;2011              ;2012              ;2013              ;2014              ;2015              ;2016              ;2017              ;2018              ;2019              ;2020              ;2021              ;2022              ;2023              ;
2849( 2)          ;1584( 4)          ;7656( 2)          ;3368( 3)          ;2827( 3)          ;3444( 3)          ;3982( 3)          ;4505( 3)          ;1954( 10)         ;1978( 12)         ;2983( 8)          ;2954( 10)         ;2673( 15)         ;2975( 15)         ;None              ;None              ;None              ;27007( 2)         ;29041( 2)         ;30486( 2)         ;32285( 2)         ;49704( 1)         ;51123( 1)         ;26195( 2)         ;

131477 : SHHJ-AS Shanghai Huajuan Information Technology Co., Ltd., CN
2000              ;2001              ;2002              ;2003              ;2004              ;2005              ;2006              ;2007              ;2008              ;2009              ;2010              ;2011              ;2012              ;2013              ;2014              ;2015              ;2016              ;2017              ;2018              ;2019              ;2020              ;2021              ;2022              ;2023              ;
None              ;None              ;None              ;None              ;None              ;None              ;None              ;None              ;None              ;None              ;None              ;None              ;None              ;None              ;None              ;None              ;None              ;47911( 1)         ;4009( 27)         ;1902( 78)         ;612( 233)         ;672( 232)         ;694( 240)         ;751( 229)         ;

7721 : QC-NET Qin Cloud Networks, CN
2000              ;2001              ;2002              ;2003              ;2004              ;2005              ;2006              ;2007              ;2008              ;2009              ;2010              ;2011              ;2012              ;2013              ;2014              ;2015              ;2016              ;2017              ;2018              ;2019              ;2020              ;2021              ;2022              ;2023              ;
4127( 2)          ;4532( 2)          ;None              ;None              ;None              ;None              ;None              ;None              ;None              ;None              ;None              ;None              ;None              ;None              ;None              ;None              ;None              ;None              ;None              ;None              ;None              ;None              ;None              ;11705( 7)         ;

55967 : BAIDU Beijing Baidu Netcom Science and Technology Co., Ltd., CN
2000              ;2001              ;2002              ;2003              ;2004              ;2005              ;2006              ;2007              ;2008              ;2009              ;2010              ;2011              ;2012              ;2013              ;2014              ;2015              ;2016              ;2017              ;2018              ;2019              ;2020              ;2021              ;2022              ;2023              ;
None              ;None              ;None              ;None              ;None              ;None              ;None              ;None              ;None              ;None              ;None              ;None              ;16601( 2)         ;17692( 2)         ;19991( 2)         ;3060( 20)         ;4128( 17)         ;3561( 28)         ;1141( 98)         ;976( 154)         ;1158( 146)        ;1018( 155)        ;1104( 156)        ;1138( 151)        ;

17620 : CNCGROUP-BJ CNCGROUP IP network of Beijing region MAN network, CN
2000              ;2001              ;2002              ;2003              ;2004              ;2005              ;2006              ;2007              ;2008              ;2009              ;2010              ;2011              ;2012              ;2013              ;2014              ;2015              ;2016              ;2017              ;2018              ;2019              ;2020              ;2021              ;2022              ;2023              ;
None              ;None              ;2502( 3)          ;976( 9)           ;835( 13)          ;1112( 12)         ;17255( 1)         ;18992( 1)         ;20970( 1)         ;23328( 1)         ;25161( 1)         ;None              ;None              ;None              ;None              ;None              ;None              ;None              ;None              ;None              ;None              ;None              ;None              ;None              ;

210025 : XXSL XXSL Network, CN
2000              ;2001              ;2002              ;2003              ;2004              ;2005              ;2006              ;2007              ;2008              ;2009              ;2010              ;2011              ;2012              ;2013              ;2014              ;2015              ;2016              ;2017              ;2018              ;2019              ;2020              ;2021              ;2022              ;2023              ;
None              ;None              ;None              ;None              ;None              ;None              ;None              ;None              ;None              ;None              ;None              ;None              ;None              ;None              ;None              ;None              ;None              ;None              ;None              ;52874( 1)         ;585( 242)         ;2756( 50)         ;15555( 4)         ;23559( 3)         ;

7653 : MSMSL-AS-AP Morgan Stanley Management Service Shanghai Limited, CN
2000              ;2001              ;2002              ;2003              ;2004              ;2005              ;2006              ;2007              ;2008              ;2009              ;2010              ;2011              ;2012              ;2013              ;2014              ;2015              ;2016              ;2017              ;2018              ;2019              ;2020              ;2021              ;2022              ;2023              ;
None              ;None              ;1454( 5)          ;None              ;None              ;None              ;None              ;None              ;None              ;None              ;None              ;None              ;None              ;None              ;None              ;None              ;None              ;None              ;None              ;None              ;None              ;None              ;None              ;26388( 2)         ;

7497 : CSTNET-AS-AP Computer Network Information Center, CN
2000              ;2001              ;2002              ;2003              ;2004              ;2005              ;2006              ;2007              ;2008              ;2009              ;2010              ;2011              ;2012              ;2013              ;2014              ;2015              ;2016              ;2017              ;2018              ;2019              ;2020              ;2021              ;2022              ;2023              ;
826( 4)           ;930( 6)           ;1436( 5)          ;1382( 6)          ;2054( 4)          ;1584( 7)          ;1218( 12)         ;1180( 15)         ;1069( 22)         ;985( 30)          ;1212( 25)         ;1149( 32)         ;1189( 38)         ;1205( 46)         ;1807( 38)         ;1551( 55)         ;1676( 52)         ;1779( 64)         ;2356( 56)         ;2086( 66)         ;3157( 62)         ;2309( 64)         ;2586( 58)         ;2848( 51)         ;

9929 : CUII CHINA UNICOM Industrial Internet Backbone, CN
2000              ;2001              ;2002              ;2003              ;2004              ;2005              ;2006              ;2007              ;2008              ;2009              ;2010              ;2011              ;2012              ;2013              ;2014              ;2015              ;2016              ;2017              ;2018              ;2019              ;2020              ;2021              ;2022              ;2023              ;
None              ;1717( 3)          ;366( 19)          ;275( 31)          ;317( 38)          ;309( 50)          ;564( 36)          ;778( 28)          ;728( 39)          ;919( 33)          ;1068( 29)         ;1305( 27)         ;1668( 25)         ;2049( 24)         ;3159( 17)         ;2891( 21)         ;3460( 22)         ;3679( 26)         ;3939( 28)         ;4782( 28)         ;4850( 31)         ;4671( 28)         ;2458( 62)         ;4252( 33)         ;

4809 : CHINATELECOM-CORE-WAN-CN2 China Telecom Next Generation Carrier Network, CN
2000              ;2001              ;2002              ;2003              ;2004              ;2005              ;2006              ;2007              ;2008              ;2009              ;2010              ;2011              ;2012              ;2013              ;2014              ;2015              ;2016              ;2017              ;2018              ;2019              ;2020              ;2021              ;2022              ;2023              ;
None              ;None              ;None              ;None              ;None              ;5163( 2)          ;None              ;2762( 5)          ;1174( 19)         ;1305( 22)         ;1339( 22)         ;1264( 28)         ;1150( 40)         ;1200( 46)         ;1097( 69)         ;700( 104)         ;347( 200)         ;282( 265)         ;238( 323)         ;205( 652)         ;271( 514)         ;321( 487)         ;377( 422)         ;552( 299)         ;

9298 : GHXTNET Beijing GuanghuanXuntong Digital Technology Co.,LTD., CN
2000              ;2001              ;2002              ;2003              ;2004              ;2005              ;2006              ;2007              ;2008              ;2009              ;2010              ;2011              ;2012              ;2013              ;2014              ;2015              ;2016              ;2017              ;2018              ;2019              ;2020              ;2021              ;2022              ;2023              ;
1020( 4)          ;None              ;None              ;None              ;None              ;17265( 1)         ;3184( 4)          ;6179( 3)          ;7045( 3)          ;3842( 5)          ;4243( 5)          ;9311( 3)          ;10439( 3)         ;8839( 3)          ;23086( 2)         ;10511( 3)         ;12922( 3)         ;12934( 3)         ;29043( 2)         ;19683( 3)         ;20701( 3)         ;33931( 2)         ;34716( 2)         ;26551( 2)         ;

4837 : CHINA169-BACKBONE CHINA UNICOM China169 Backbone, CN
2000              ;2001              ;2002              ;2003              ;2004              ;2005              ;2006              ;2007              ;2008              ;2009              ;2010              ;2011              ;2012              ;2013              ;2014              ;2015              ;2016              ;2017              ;2018              ;2019              ;2020              ;2021              ;2022              ;2023              ;
None              ;None              ;10509( 1)         ;11972( 1)         ;649( 17)          ;601( 27)          ;437( 45)          ;383( 59)          ;330( 79)          ;411( 74)          ;387( 84)          ;380( 88)          ;409( 99)          ;515( 97)          ;781( 90)          ;727( 101)         ;763( 116)         ;463( 162)         ;486( 161)         ;674( 191)         ;821( 185)         ;1001( 157)        ;1056( 161)        ;1044( 166)        ;

37958 : CNNIC-CHINACACHE-AP Beijing Blue I.T Technologies Co.,Ltd., CN
2000              ;2001              ;2002              ;2003              ;2004              ;2005              ;2006              ;2007              ;2008              ;2009              ;2010              ;2011              ;2012              ;2013              ;2014              ;2015              ;2016              ;2017              ;2018              ;2019              ;2020              ;2021              ;2022              ;2023              ;
None              ;None              ;None              ;None              ;None              ;None              ;None              ;None              ;2574( 7)          ;975( 31)          ;801( 45)          ;907( 43)          ;1048( 47)         ;1017( 59)         ;1321( 53)         ;4428( 11)         ;5175( 11)         ;8704( 6)          ;31878( 2)         ;33356( 2)         ;35032( 2)         ;None              ;None              ;None              ;

4847 : CNIX-AP China Networks Inter-Exchange, CN
2000              ;2001              ;2002              ;2003              ;2004              ;2005              ;2006              ;2007              ;2008              ;2009              ;2010              ;2011              ;2012              ;2013              ;2014              ;2015              ;2016              ;2017              ;2018              ;2019              ;2020              ;2021              ;2022              ;2023              ;
None              ;None              ;None              ;None              ;962( 11)          ;716( 21)          ;700( 27)          ;649( 38)          ;620( 47)          ;563( 59)          ;649( 57)          ;658( 59)          ;762( 65)          ;854( 71)          ;1061( 72)         ;1049( 78)         ;1301( 77)         ;1386( 82)         ;1314( 89)         ;1770( 91)         ;1860( 96)         ;1783( 93)         ;1938( 93)         ;2172( 76)         ;

139589 : GETONG-AS-AP GTDev Network, CN
2000              ;2001              ;2002              ;2003              ;2004              ;2005              ;2006              ;2007              ;2008              ;2009              ;2010              ;2011              ;2012              ;2013              ;2014              ;2015              ;2016              ;2017              ;2018              ;2019              ;2020              ;2021              ;2022              ;2023              ;
None              ;None              ;None              ;None              ;None              ;None              ;None              ;None              ;None              ;None              ;None              ;None              ;None              ;None              ;None              ;None              ;None              ;None              ;None              ;None              ;3662( 50)         ;2573( 55)         ;1827( 99)         ;4494( 32)         ;

17735 : MST863-AS-AP China Ministry of Science and Technology, CN
2000              ;2001              ;2002              ;2003              ;2004              ;2005              ;2006              ;2007              ;2008              ;2009              ;2010              ;2011              ;2012              ;2013              ;2014              ;2015              ;2016              ;2017              ;2018              ;2019              ;2020              ;2021              ;2022              ;2023              ;
None              ;None              ;1710( 4)          ;None              ;None              ;None              ;None              ;None              ;25929( 1)         ;28879( 1)         ;31077( 1)         ;33674( 1)         ;36497( 1)         ;None              ;None              ;None              ;None              ;None              ;None              ;None              ;None              ;None              ;None              ;None              ;

4789 : CERNAP1-CN NAP1 at CERNET, CN
2000              ;2001              ;2002              ;2003              ;2004              ;2005              ;2006              ;2007              ;2008              ;2009              ;2010              ;2011              ;2012              ;2013              ;2014              ;2015              ;2016              ;2017              ;2018              ;2019              ;2020              ;2021              ;2022              ;2023              ;
None              ;1137( 5)          ;3545( 2)          ;1618( 5)          ;13291( 1)         ;10675( 2)         ;5909( 2)          ;18779( 1)         ;5254( 3)          ;5897( 3)          ;6430( 3)          ;27216( 1)         ;8072( 3)          ;31496( 1)         ;33818( 1)         ;22697( 2)         ;12884( 3)         ;10532( 4)         ;12558( 4)         ;13749( 4)         ;17073( 3)         ;14533( 4)         ;15329( 4)         ;16279( 4)         ;

132203 : TENCENT-NET-AP-CN Tencent Building, Kejizhongyi Avenue, CN
2000              ;2001              ;2002              ;2003              ;2004              ;2005              ;2006              ;2007              ;2008              ;2009              ;2010              ;2011              ;2012              ;2013              ;2014              ;2015              ;2016              ;2017              ;2018              ;2019              ;2020              ;2021              ;2022              ;2023              ;
None              ;None              ;None              ;None              ;None              ;None              ;None              ;None              ;None              ;None              ;None              ;None              ;None              ;30841( 1)         ;2882( 20)         ;3321( 18)         ;3518( 22)         ;2053( 57)         ;708( 129)         ;390( 295)         ;410( 344)         ;520( 294)         ;363( 434)         ;400( 399)         ;

63541 : CHINACACHE Beijing Blue I.T Technologies Co.,Ltd., CN
2000              ;2001              ;2002              ;2003              ;2004              ;2005              ;2006              ;2007              ;2008              ;2009              ;2010              ;2011              ;2012              ;2013              ;2014              ;2015              ;2016              ;2017              ;2018              ;2019              ;2020              ;2021              ;2022              ;2023              ;
None              ;None              ;None              ;None              ;None              ;None              ;None              ;None              ;None              ;None              ;None              ;None              ;None              ;None              ;None              ;None              ;None              ;701( 128)         ;1776( 68)         ;1787( 88)         ;2090( 81)         ;2757( 50)         ;5961( 24)         ;None              ;

23911 : CNGI-BJIX-AS-AP China Next Generation Internet Beijing IX, CN
2000              ;2001              ;2002              ;2003              ;2004              ;2005              ;2006              ;2007              ;2008              ;2009              ;2010              ;2011              ;2012              ;2013              ;2014              ;2015              ;2016              ;2017              ;2018              ;2019              ;2020              ;2021              ;2022              ;2023              ;
None              ;None              ;None              ;None              ;13298( 1)         ;15246( 1)         ;17082( 1)         ;4626( 3)          ;2316( 8)          ;2315( 10)         ;2778( 9)          ;3190( 9)          ;1667( 25)         ;1982( 25)         ;2740( 21)         ;2775( 22)         ;3802( 19)         ;4199( 21)         ;5497( 15)         ;5825( 18)         ;6767( 16)         ;7778( 15)         ;9046( 13)         ;8149( 15)         ;

209650 : ZHIYUAN-AS Zhiyuan Network, CN
2000              ;2001              ;2002              ;2003              ;2004              ;2005              ;2006              ;2007              ;2008              ;2009              ;2010              ;2011              ;2012              ;2013              ;2014              ;2015              ;2016              ;2017              ;2018              ;2019              ;2020              ;2021              ;2022              ;2023              ;
None              ;None              ;None              ;None              ;None              ;None              ;None              ;None              ;None              ;None              ;None              ;None              ;None              ;None              ;None              ;None              ;None              ;None              ;None              ;None              ;None              ;702( 225)         ;728( 228)         ;5695( 24)         ;

17964 : DXTNET Beijing Dian-Xin-Tong Network Technologies Co., Ltd., CN
2000              ;2001              ;2002              ;2003              ;2004              ;2005              ;2006              ;2007              ;2008              ;2009              ;2010              ;2011              ;2012              ;2013              ;2014              ;2015              ;2016              ;2017              ;2018              ;2019              ;2020              ;2021              ;2022              ;2023              ;
None              ;None              ;None              ;14306( 1)         ;830( 13)          ;1103( 12)         ;1269( 12)         ;1819( 9)          ;2593( 7)          ;3532( 6)          ;3934( 6)          ;5210( 5)          ;5216( 6)          ;8190( 4)          ;10385( 4)         ;9846( 4)          ;11830( 4)         ;12068( 4)         ;18456( 3)         ;12222( 5)         ;13070( 5)         ;16655( 4)         ;17301( 4)         ;16539( 4)         ;

17622 : CNCGROUP-GZ China Unicom Guangzhou network, CN
2000              ;2001              ;2002              ;2003              ;2004              ;2005              ;2006              ;2007              ;2008              ;2009              ;2010              ;2011              ;2012              ;2013              ;2014              ;2015              ;2016              ;2017              ;2018              ;2019              ;2020              ;2021              ;2022              ;2023              ;
None              ;None              ;11975( 1)         ;1228( 7)          ;1585( 6)          ;1967( 6)          ;1923( 7)          ;2221( 7)          ;2591( 7)          ;2719( 8)          ;3747( 6)          ;4267( 6)          ;4948( 6)          ;5383( 6)          ;6281( 6)          ;6371( 6)          ;6753( 7)          ;6574( 9)          ;7815( 8)          ;8788( 8)          ;10212( 7)         ;10876( 7)         ;12514( 6)         ;11334( 7)         ;

4808 : CHINA169-BJ China Unicom Beijing Province Network, CN
2000              ;2001              ;2002              ;2003              ;2004              ;2005              ;2006              ;2007              ;2008              ;2009              ;2010              ;2011              ;2012              ;2013              ;2014              ;2015              ;2016              ;2017              ;2018              ;2019              ;2020              ;2021              ;2022              ;2023              ;
5497( 1)          ;801( 7)           ;379( 19)          ;588( 16)          ;712( 16)          ;1045( 13)         ;670( 29)          ;743( 31)          ;756( 38)          ;794( 41)          ;745( 49)          ;932( 42)          ;942( 54)          ;1060( 56)         ;1184( 63)         ;1243( 66)         ;1383( 72)         ;1315( 85)         ;1337( 88)         ;1862( 82)         ;2215( 76)         ;2031( 79)         ;2064( 83)         ;1974( 89)         ;

4799 : CHINA169-JT CNCGROUP Jitong IP network, CN
2000              ;2001              ;2002              ;2003              ;2004              ;2005              ;2006              ;2007              ;2008              ;2009              ;2010              ;2011              ;2012              ;2013              ;2014              ;2015              ;2016              ;2017              ;2018              ;2019              ;2020              ;2021              ;2022              ;2023              ;
498( 6)           ;511( 11)          ;622( 11)          ;773( 11)          ;1155( 8)          ;2534( 4)          ;None              ;None              ;None              ;None              ;None              ;None              ;None              ;None              ;None              ;None              ;None              ;None              ;None              ;None              ;None              ;None              ;None              ;None              ;

24151 : CNNIC-CRITICAL-AP China Internet Network Infomation Center, CN
2000              ;2001              ;2002              ;2003              ;2004              ;2005              ;2006              ;2007              ;2008              ;2009              ;2010              ;2011              ;2012              ;2013              ;2014              ;2015              ;2016              ;2017              ;2018              ;2019              ;2020              ;2021              ;2022              ;2023              ;
None              ;None              ;None              ;None              ;None              ;None              ;4133( 3)          ;3601( 4)          ;2573( 7)          ;2148( 11)         ;2095( 13)         ;1848( 19)         ;1673( 25)         ;1882( 27)         ;2121( 29)         ;2382( 27)         ;2749( 31)         ;3067( 36)         ;3674( 32)         ;2739( 49)         ;7897( 12)         ;8032( 14)         ;9554( 11)         ;9487( 11)         ;

132536 : CHINANET-TIANJIN-MAN-NEW China Telecom, CN
2000              ;2001              ;2002              ;2003              ;2004              ;2005              ;2006              ;2007              ;2008              ;2009              ;2010              ;2011              ;2012              ;2013              ;2014              ;2015              ;2016              ;2017              ;2018              ;2019              ;2020              ;2021              ;2022              ;2023              ;
None              ;None              ;None              ;None              ;None              ;None              ;None              ;None              ;None              ;None              ;None              ;None              ;None              ;None              ;861( 84)          ;822( 93)          ;None              ;None              ;None              ;None              ;None              ;None              ;None              ;None              ;

4538 : ERX-CERNET-BKB China Education and Research Network Center, CN
2000              ;2001              ;2002              ;2003              ;2004              ;2005              ;2006              ;2007              ;2008              ;2009              ;2010              ;2011              ;2012              ;2013              ;2014              ;2015              ;2016              ;2017              ;2018              ;2019              ;2020              ;2021              ;2022              ;2023              ;
2959( 2)          ;559( 10)          ;790( 9)           ;1625( 5)          ;802( 13)          ;760( 19)          ;990( 16)          ;972( 20)          ;967( 25)          ;419( 74)          ;345( 92)          ;1551( 23)         ;2406( 18)         ;2621( 18)         ;2565( 23)         ;2200( 30)         ;2646( 32)         ;3127( 34)         ;4347( 23)         ;4507( 31)         ;3462( 55)         ;1814( 91)         ;1863( 97)         ;1927( 92)         ;

139057 : BAISHAN-CN Baishan Cloud, CN
2000              ;2001              ;2002              ;2003              ;2004              ;2005              ;2006              ;2007              ;2008              ;2009              ;2010              ;2011              ;2012              ;2013              ;2014              ;2015              ;2016              ;2017              ;2018              ;2019              ;2020              ;2021              ;2022              ;2023              ;
None              ;None              ;None              ;None              ;None              ;None              ;None              ;None              ;None              ;None              ;None              ;None              ;None              ;None              ;None              ;None              ;None              ;None              ;None              ;None              ;19178( 3)         ;58177( 1)         ;2609( 58)         ;1373( 126)        ;

24429 : TAOBAO Zhejiang Taobao Network Co.,Ltd, CN
2000              ;2001              ;2002              ;2003              ;2004              ;2005              ;2006              ;2007              ;2008              ;2009              ;2010              ;2011              ;2012              ;2013              ;2014              ;2015              ;2016              ;2017              ;2018              ;2019              ;2020              ;2021              ;2022              ;2023              ;
None              ;None              ;None              ;None              ;None              ;None              ;None              ;13075( 2)         ;14380( 2)         ;7908( 3)          ;4270( 5)          ;None              ;None              ;None              ;None              ;None              ;6390( 8)          ;6425( 9)          ;5502( 15)         ;1749( 93)         ;500( 276)         ;471( 324)         ;486( 336)         ;441( 365)         ;

9800 : UNICOM CHINA UNICOM, CN
2000              ;2001              ;2002              ;2003              ;2004              ;2005              ;2006              ;2007              ;2008              ;2009              ;2010              ;2011              ;2012              ;2013              ;2014              ;2015              ;2016              ;2017              ;2018              ;2019              ;2020              ;2021              ;2022              ;2023              ;
None              ;743( 7)           ;949( 7)           ;638( 14)          ;536( 22)          ;616( 26)          ;549( 37)          ;616( 39)          ;701( 41)          ;786( 41)          ;6498( 3)          ;None              ;None              ;None              ;None              ;None              ;None              ;None              ;None              ;None              ;None              ;None              ;None              ;None              ;

