PT: 2.8              1.1(2014)            4.3(2010)   True
IL: 3.7              2.1(2023)            5.5(2012)
CH: 1.6              1.1(2020)            2.5(2013)
AE: 1.5              1.0(2022)            2.2(2023)   True
TR: 10.4             1.5(2002)            46.1(2018)
CL: 16.8             3.4(2004)            37.7(2010)
SE: 1.4              1.0(2021)            2.6(2004)   True
CN: 5.4              1.5(2001)            10.7(2004)
ES: 2.7              1.1(2003)            4.8(2019)
HK: 2.0              1.1(2020)            6.3(2001)   True
MY: 2.0              1.1(2020)            3.1(2012)   True
BG: 3.2              1.2(2020)            6.1(2009)
RU: 6.4              3.3(2002)            9.3(2015)
EU: 1.3              1.0(2005)            1.9(2001)   True
AT: 2.1              1.0(2023)            4.9(2003)   True
IN: 8.1              3.1(2002)            11.0(2017)
SG: 1.4              1.0(2014)            2.1(2002)   True
BE: 1.2              1.0(2010)            2.6(2002)   True
LU: 1.4              1.0(2002)            4.0(2001)   True
BR: 12.5             3.6(2023)            23.3(2002)
RO: 4.5              1.4(2001)            7.9(2018)
TW: 2.6              1.5(2023)            5.2(2001)
US: 13.4             6.0(2020)            26.3(2001)
PH: 5.7              1.7(2023)            11.2(2007)
GB: 1.9              1.1(2002)            2.6(2013)   True
DK: 1.2              1.0(2016)            1.6(2011)   True
SI: 9.0              1.0(2001)            23.6(2018)   True
IE: 1.4              1.0(2003)            2.6(2007)   True
NZ: 4.5              1.0(2023)            10.4(2009)
ZA: 2.9              1.1(2014)            6.6(2002)   True
BM: 1.6              1.0(2001)            4.0(2008)   True
KR: 17.4             8.6(2023)            29.4(2004)
LV: 4.6              2.1(2002)            7.8(2023)
PR: 1.7              1.1(2008)            3.5(2001)   True
UA: 5.5              2.2(2001)            11.3(2011)
PL: 5.4              3.3(2001)            9.3(2009)
CY: 1.8              1.0(2001)            5.0(2008)   True
AR: 16.3             7.5(2020)            30.2(2005)
NL: 1.6              1.2(2012)            2.6(2007)
GR: 3.6              1.7(2020)            13.0(2001)
MX: 10.5             4.5(2019)            18.9(2009)
CZ: 2.6              1.0(2005)            6.2(2008)   True
HU: 3.2              1.0(2022)            7.9(2009)   True
ZZ: 4.3              1.1(2010)            8.9(2003)   True
FI: 1.9              1.0(2008)            3.7(2001)   True
DE: 2.7              1.9(2001)            3.6(2013)
CA: 1.7              1.4(2006)            2.1(2019)
IT: 3.5              1.5(2002)            8.3(2010)
SK: 4.3              1.4(2009)            8.7(2016)
NO: 1.5              1.0(2005)            2.9(2012)   True
FR: 1.5              1.1(2002)            2.0(2019)   True
JP: 3.1              1.7(2022)            5.3(2005)
AU: 5.1              2.3(2023)            11.5(2004)
TH: 16.5             4.4(2023)            40.3(2005)
