4727| 1|-1
3267| 1|-1
5429| 1|-1
7292| 2|1.0
8430| 1|-1
3763| 10|2.5999999999999996
419| 3|1.1666666666666667
10543| 2|-1
6837| 1|-1
6881| 3|2.0
10501| 1|-1
5107| 1|-1
4052| 2|-1
8189| 2|1.0
4252| 1|-1
3836| 3|3.0
11150| 1|-1
10638| 1|-1
4128| 1|-1
7640| 1|-1
4232| 1|-1
7715| 1|-1
1693| 1|-1
7154| 1|-1
7051| 4|3.75
10952| 2|-1
7814| 1|-1
7352| 2|1.0
851| 3|3.0
3264| 1|-1
8615| 2|2.0
6218| 1|-1
11230| 2|-1
6196| 24|12.354166666666666
1914| 2|1.0
6825| 1|-1
3838| 3|2.5
7877| 2|1.0
6603| 1|-1
10669| 1|-1
7432| 1|-1
10293| 1|-1
7282| 1|-1
5101| 1|-1
10734| 1|-1
4600| 5|4.6
4015| 1|-1
