10388| 1|-1
11241| 1|-1
8877| 2|-1
149| 1|-1
11256| 1|-1
7648| 1|-1
9330| 1|-1
11291| 1|-1
7598| 1|-1
10470| 1|-1
8356| 1|-1
9296| 1|-1
8866| 1|-1
7828| 1|-1
9298| 1|-1
10875| 1|-1
11299| 2|-1
7679| 2|-1
11324| 1|-1
9334| 3|2.666666666666667
7468| 2|-1
6524| 1|-1
11301| 2|-1
11223| 1|-1
8773| 2|-1
11331| 2|2.0
7644| 1|-1
3810| 1|-1
11217| 2|-1
7673| 2|1.0
9297| 1|-1
8559| 1|-1
8880| 2|-1
11346| 1|-1
4455| 1|-1
7706| 5|4.0
7802| 1|-1
7632| 1|-1
11343| 2|-1
8829| 1|-1
8730| 1|-1
11169| 1|-1
1694| 3|2.0
11209| 2|-1
1453| 1|-1
10836| 1|-1
7399| 1|-1
11232| 1|-1
9278| 1|-1
11274| 1|-1
8816| 1|-1
3655| 1|-1
9333| 1|-1
11290| 2|-1
7602| 1|-1
4781| 1|-1
11154| 2|-1
4861| 2|2.0
9313| 1|-1
8879| 1|-1
8286| 2|1.0
9316| 1|-1
10670| 2|-1
11319| 1|-1
209| 4|2.0
8830| 1|-1
11066| 1|-1
2599| 2|2.0
8836| 1|-1
11330| 2|-1
8821| 2|1.0
11190| 2|-1
11315| 1|-1
11327| 1|-1
10760| 1|-1
6304| 1|-1
8567| 1|-1
9336| 1|-1
281| 1|-1
10738| 1|-1
10940| 1|-1
11283| 1|-1
689| 1|-1
7600| 1|-1
8884| 1|-1
11320| 1|-1
11278| 1|-1
11329| 4|1.75
400| 1|-1
6510| 2|-1
1908| 1|-1
11213| 1|-1
10378| 1|-1
8357| 1|-1
8845| 2|-1
8883| 2|-1
11334| 1|-1
4995| 1|-1
10918| 1|-1
8670| 1|-1
1663| 1|-1
7620| 2|-1
11112| 2|-1
5799| 1|-1
11351| 1|-1
8489| 1|-1
8794| 1|-1
10612| 2|-1
24| 1|-1
8900| 1|-1
8844| 2|-1
8912| 1|-1
11275| 2|2.0
8857| 1|-1
6316| 2|-1
10953| 1|-1
11226| 1|-1
9276| 1|-1
11350| 1|-1
8278| 1|-1
5574| 1|-1
8585| 1|-1
8818| 1|-1
7142| 2|-1
11176| 1|-1
3830| 1|-1
4752| 1|-1
11345| 1|-1
10596| 1|-1
9325| 1|-1
6831| 1|-1
8888| 2|-1
11238| 1|-1
10615| 1|-1
