812| 1|-1
3864| 1|-1
3878| 1|-1
813| 1|-1
4284| 1|-1
7040| 1|-1
7632| 1|-1
6990| 1|-1
8665| 1|-1
7805| 1|-1
3862| 1|-1
4447| 1|-1
1668| 1|-1
1238| 1|-1
6980| 1|-1
1682| 1|-1
6585| 1|-1
1573| 2|1.0
4366| 2|-1
10760| 1|-1
146| 1|-1
7826| 1|-1
7579| 1|-1
3121| 1|-1
7334| 1|-1
7914| 1|-1
5206| 1|-1
3150| 3|2.3333333333333335
8739| 4|2.0
3381| 3|2.0
841| 1|-1
3707| 1|-1
2| 1|-1
7644| 1|-1
8261| 1|-1
7593| 5|2.4000000000000004
8414| 1|-1
189| 1|-1
689| 2|1.5
6235| 2|-1
7787| 1|-1
8457| 1|-1
8294| 2|-1
8701| 1|-1
4733| 1|-1
10359| 2|-1
7880| 1|-1
10270| 1|-1
10423| 3|1.1666666666666667
3542| 1|-1
552| 1|-1
10641| 2|-1
8550| 2|2.0
10366| 1|-1
3274| 1|-1
