10579| 1|-1
8781| 1|-1
10742| 1|-1
11172| 1|-1
11234| 2|-1
8745| 1|-1
11134| 2|-1
11158| 1|-1
8481| 3|2.0
11057| 2|-1
10875| 1|-1
8031| 1|-1
3585| 2|-1
8740| 2|-1
8687| 1|-1
10594| 1|-1
7004| 1|-1
8523| 1|-1
8763| 2|-1
11246| 1|-1
11103| 2|-1
10716| 2|-1
11133| 1|-1
10958| 2|-1
2855| 1|-1
11231| 1|-1
11174| 1|-1
11020| 1|-1
7717| 1|-1
1804| 3|2.0
9274| 1|-1
11040| 2|-1
11036| 1|-1
8446| 1|-1
8767| 1|-1
10907| 2|-1
1347| 1|-1
11074| 1|-1
8384| 3|2.0
10835| 2|-1
7802| 1|-1
8764| 3|2.0
7161| 1|-1
11054| 1|-1
11160| 1|-1
11157| 1|-1
11083| 1|-1
100| 1|-1
11203| 1|-1
5421| 2|1.0
9302| 1|-1
11211| 2|-1
11034| 1|-1
11137| 1|-1
11220| 1|-1
8737| 2|-1
11195| 1|-1
4861| 1|-1
8741| 1|-1
10917| 1|-1
8289| 1|-1
6699| 1|-1
7310| 1|-1
11046| 2|-1
4620| 1|-1
11166| 1|-1
11229| 2|2.0
11085| 2|-1
11101| 2|-1
9314| 2|-1
9275| 1|-1
10878| 2|-1
5015| 1|-1
8164| 1|-1
8630| 1|-1
10934| 1|-1
10894| 2|-1
8787| 1|-1
7063| 2|-1
10743| 2|-1
6788| 1|-1
6150| 1|-1
11193| 1|-1
10629| 1|-1
8495| 2|-1
8572| 3|2.0
851| 3|3.0
11092| 2|-1
227| 1|-1
8801| 1|-1
11080| 1|-1
10950| 1|-1
11210| 2|-1
11216| 1|-1
11105| 1|-1
11162| 1|-1
1260| 1|-1
11219| 2|-1
11043| 1|-1
4211| 1|-1
10943| 1|-1
11244| 1|-1
11182| 2|-1
8586| 1|-1
10794| 1|-1
11009| 1|-1
11180| 1|-1
11142| 2|-1
2163| 1|-1
9271| 2|-1
11112| 1|-1
11150| 1|-1
6443| 1|-1
10597| 1|-1
8202| 1|-1
4276| 2|2.0
7670| 2|-1
8693| 2|-1
7286| 3|2.0
6175| 1|-1
11204| 2|-1
6097| 1|-1
8765| 1|-1
11078| 1|-1
11188| 1|-1
11129| 1|-1
8975| 1|-1
8750| 2|2.0
3147| 1|-1
5188| 1|-1
8788| 1|-1
11155| 2|-1
9293| 2|-1
11178| 1|-1
10795| 1|-1
11159| 2|-1
11224| 1|-1
7538| 1|-1
11186| 1|-1
10942| 1|-1
8783| 1|-1
11239| 1|-1
11168| 2|-1
11024| 1|-1
8754| 2|-1
7994| 1|-1
11060| 1|-1
8651| 3|2.0
11100| 2|-1
