7655 | 7656|-1
degree: 3 | 1
eff size: 3.0 | -1
constraint: 0.3333333333333333 | 1.0
community: 969(1) | 1415(1)

2900 | 3588|-1
degree: 6 | 2
eff size: 4.333333333333334 | -1
constraint: 0.22588940181992911 | 0.5
community: 924(3) | 923(1)

1239 | 1238|-1
degree: 416 | 1
eff size: 380.25600961538566 | -1
constraint: 0.021917378751470443 | 1.0
community: 10(219) | 2251(1)

5726 | 5736|-1
degree: 4 | 2
eff size: 3.75 | -1
constraint: 0.25665370084817163 | 0.5
community: 837(2) | 837(2)

8517 | 8363|-1
degree: 5 | 1
eff size: 5.0 | -1
constraint: 0.20000000000000004 | 1.0
community: 2427(2) | 2427(2)

4775 | 7306|-1
degree: 2 | 2
eff size: 2.0 | -1
constraint: 0.5 | 0.5
community: 445(1) | 444(2)

6955 | 10618|-1
degree: 10 | 1
eff size: 9.85 | -1
constraint: 0.11252943339100349 | 1.0
community: 2045(3) | 1336(1)

3381 | 8174|0
degree: 3 | 3
eff size: 2.0 | 2.0
constraint: 0.5555555555555556 | 0.5555555555555556
community: 264(2) | 264(2)

4694 | 4678|-1
degree: 17 | 3
eff size: 11.294117647058824 | 1.0
constraint: 0.17670461848136879 | 0.6148002747360531
community: 10(219) | 10(219)

1323 | 3789|0
degree: 18 | 8
eff size: 8.88888888888889 | 6.25
constraint: 0.11478546894294983 | 0.16776604736870973
community: 205(6) | 1687(2)

1901 | 8333|0
degree: 7 | 3
eff size: 4.0 | 2.0
constraint: 0.2653061224489796 | 0.5555555555555556
community: 215(4) | 215(4)

6226 | 4211|-1
degree: 3 | 3
eff size: 2.3333333333333335 | 2.0
constraint: 0.3372318389571296 | 0.5555555555555556
community: 924(3) | 924(3)

4200 | 4150|-1
degree: 94 | 2
eff size: 77.81914893617021 | -1
constraint: 0.033705113176041496 | 0.512224222119013
community: 10(219) | 986(1)

1325 | 1673|0
degree: 12 | 106
eff size: 11.0 | 62.919811320754704
constraint: 0.09722222222222224 | 0.030746090737569752
community: 206(1) | 10(219)

6427 | 8001|0
degree: 5 | 8
eff size: 3.5999999999999996 | 6.5625
constraint: 0.2828849482248521 | 0.17397079548306738
community: 16(3) | 16(3)

3301 | 3307|-1
degree: 6 | 5
eff size: 5.75 | 4.4
constraint: 0.18106673241288623 | 0.24098330046022354
community: 1585(2) | 1071(2)

5683 | 5768|-1
degree: 40 | 2
eff size: 32.9875 | -1
constraint: 0.04390318569440833 | 0.5133920847750865
community: 10(219) | 2310(1)

4058 | 4646|-1
degree: 9 | 1
eff size: 7.555555555555556 | -1
constraint: 0.14081390434660707 | 1.0
community: 1773(1) | 1774(1)

4200 | 10673|-1
degree: 94 | 2
eff size: 77.81914893617021 | -1
constraint: 0.033705113176041496 | 0.512224222119013
community: 10(219) | 1042(1)

4000 | 3336|-1
degree: 68 | 7
eff size: 55.26470588235293 | 5.071428571428572
constraint: 0.024114426633222732 | 0.1912047372991854
community: 10(219) | 757(1)

4200 | 4959|-1
degree: 94 | 3
eff size: 77.81914893617021 | -1
constraint: 0.033705113176041496 | 0.3456904435729567
community: 10(219) | 2046(1)

5048 | 6322|0
degree: 3 | 5
eff size: 2.0 | 4.0
constraint: 0.5555555555555556 | 0.28
community: 940(3) | 940(3)

4792 | 2792|-1
degree: 3 | 1
eff size: 2.3333333333333335 | -1
constraint: 0.33471768114531436 | 1.0
community: 1609(1) | 1608(1)

702 | 5586|-1
degree: 92 | 1
eff size: 75.68478260869567 | -1
constraint: 0.022213603024185874 | 1.0
community: 10(219) | 2603(1)

3316 | 6868|0
degree: 13 | 3
eff size: 6.884615384615385 | 2.0
constraint: 0.15027570134349785 | 0.5555555555555556
community: 208(4) | 263(1)

2548 | 2933|-1
degree: 138 | 6
eff size: 117.81159420289859 | 3.25
constraint: 0.025635911644529857 | 0.23173025302457592
community: 10(219) | 542(1)

4761 | 4800|-1
degree: 6 | 1
eff size: 6.0 | -1
constraint: 0.16666666666666669 | 1.0
community: 600(1) | 1123(1)

2041 | 2766|-1
degree: 61 | 3
eff size: 46.58196721311473 | -1
constraint: 0.04115579929364766 | 0.39341003891268433
community: 10(219) | 833(2)

4200 | 6571|-1
degree: 94 | 2
eff size: 77.81914893617021 | -1
constraint: 0.033705113176041496 | 0.5
community: 10(219) | 2583(1)

1239 | 6178|-1
degree: 416 | 2
eff size: 380.25600961538566 | -1
constraint: 0.021917378751470443 | 0.6418283676960059
community: 10(219) | 1422(1)

2687 | 4801|-1
degree: 8 | 2
eff size: 7.0 | -1
constraint: 0.15625 | 0.5
community: 313(2) | 1332(1)

5623 | 6742|-1
degree: 6 | 7
eff size: 5.75 | 4.142857142857143
constraint: 0.17718962585034015 | 0.2592668009521564
community: 18(1) | 14(34)

4200 | 7321|-1
degree: 94 | 2
eff size: 77.81914893617021 | -1
constraint: 0.033705113176041496 | 0.5
community: 10(219) | 5(1)

4200 | 6580|-1
degree: 94 | 2
eff size: 77.81914893617021 | -1
constraint: 0.033705113176041496 | 0.5123935029658664
community: 10(219) | 1536(1)

3316 | 8409|0
degree: 13 | 2
eff size: 6.884615384615385 | 1.0
constraint: 0.15027570134349785 | 1.0
community: 208(4) | 208(4)

5468 | 5568|0
degree: 2 | 29
eff size: 1.0 | 14.89655172413793
constraint: 1.0 | 0.07113208017794474
community: 1(14) | 1(14)

70 | 3527|-1
degree: 2 | 3
eff size: 1.25 | -1
constraint: 0.6966422360726376 | 0.4731990185014192
community: 511(1) | 510(2)

1 | 3257|0
degree: 228 | 44
eff size: 204.47807017543903 | 33.375
constraint: 0.026562454270518482 | 0.040938000924378305
community: 10(219) | 10(219)

3300 | 3304|0
degree: 42 | 9
eff size: 25.761904761904756 | 6.777777777777779
constraint: 0.05304687665928142 | 0.17144676800761455
community: 10(219) | 10(219)

3302 | 5382|-1
degree: 15 | 2
eff size: 13.1 | -1
constraint: 0.09867678867163204 | 0.5
community: 136(2) | 136(2)

5441 | 5444|-1
degree: 7 | 3
eff size: 6.571428571428571 | 2.0
constraint: 0.21552028218694882 | 0.5555555555555556
community: 29(3) | 207(2)

4230 | 10531|-1
degree: 13 | 3
eff size: 12.884615384615385 | -1
constraint: 0.07715570733277817 | 0.3333333333333333
community: 227(1) | 1406(2)

3300 | 3303|0
degree: 42 | 19
eff size: 25.761904761904756 | 17.473684210526315
constraint: 0.05304687665928142 | 0.0696150239359039
community: 10(219) | 1203(1)

3344 | 8468|-1
degree: 9 | 2
eff size: 6.555555555555555 | -1
constraint: 0.16614443064585513 | 0.5
community: 14(34) | 890(1)

5417 | 5583|-1
degree: 11 | 6
eff size: 9.227272727272727 | 5.333333333333334
constraint: 0.14252156525930273 | 0.2027364554637282
community: 10(219) | 1868(1)

1239 | 7290|0
degree: 416 | 3
eff size: 380.25600961538566 | 1.0
constraint: 0.021917378751470443 | 0.5641671421391563
community: 10(219) | 10(219)

5568 | 8485|0
degree: 29 | 2
eff size: 14.89655172413793 | 1.0
constraint: 0.07113208017794474 | 1.0
community: 1(14) | 1(14)

1755 | 1887|0
degree: 88 | 10
eff size: 78.82954545454545 | 6.000000000000001
constraint: 0.019453894384867387 | 0.22552794803431095
community: 10(219) | 10(219)

3463 | 3561|0
degree: 8 | 610
eff size: 3.8125 | 563.6614754098368
constraint: 0.2332692972973658 | 0.014940101746988666
community: 10(219) | 10(219)

1239 | 7292|0
degree: 416 | 3
eff size: 380.25600961538566 | 1.0
constraint: 0.021917378751470443 | 0.5641671421391563
community: 10(219) | 10(219)

7037 | 8101|0
degree: 8 | 3
eff size: 6.1875 | 1.5
constraint: 0.2124801240167768 | 0.6191245736768572
community: 705(2) | 705(2)

3316 | 5568|0
degree: 13 | 29
eff size: 6.884615384615385 | 14.89655172413793
constraint: 0.15027570134349785 | 0.07113208017794474
community: 208(4) | 1(14)

1205 | 2131|0
degree: 3 | 2
eff size: 2.0 | 1.0
constraint: 0.5555555555555556 | 1.0
community: 254(4) | 254(4)

3356 | 5671|0
degree: 27 | 4
eff size: 9.203703703703706 | 2.25
constraint: 0.08584962194230904 | 0.39562609540608784
community: 10(219) | 1509(4)

2854 | 8402|-1
degree: 13 | 2
eff size: 13.0 | -1
constraint: 0.07692307692307694 | 0.5
community: 432(2) | 57(1)

6841 | 3305|-1
degree: 12 | 9
eff size: 9.291666666666668 | 7.888888888888889
constraint: 0.1568956286218191 | 0.13854070434758264
community: 10(219) | 675(4)

6955 | 6954|-1
degree: 10 | 2
eff size: 9.85 | -1
constraint: 0.11252943339100349 | 0.5
community: 2045(3) | 149(2)

6652 | 10814|0
degree: 2 | 3
eff size: 1.0 | 2.0
constraint: 1.0 | 0.5555555555555556
community: 767(2) | 767(2)

3304 | 5463|-1
degree: 9 | 2
eff size: 6.777777777777779 | -1
constraint: 0.17144676800761455 | 0.5
community: 10(219) | 305(1)

8207 | 8464|0
degree: 3 | 3
eff size: 2.0 | 2.0
constraint: 0.5555555555555556 | 0.5555555555555556
community: 809(2) | 809(2)

2041 | 10414|-1
degree: 61 | 2
eff size: 46.58196721311473 | -1
constraint: 0.04115579929364766 | 0.5
community: 10(219) | 2244(1)

4200 | 6355|-1
degree: 94 | 2
eff size: 77.81914893617021 | -1
constraint: 0.033705113176041496 | 0.5123935029658664
community: 10(219) | 2542(1)

1 | 3996|-1
degree: 228 | 1
eff size: 204.47807017543903 | -1
constraint: 0.026562454270518482 | 1.0
community: 10(219) | 1729(1)

2900 | 4211|0
degree: 6 | 3
eff size: 4.333333333333334 | 2.0
constraint: 0.22588940181992911 | 0.5555555555555556
community: 924(3) | 924(3)

1740 | 6066|-1
degree: 114 | 9
eff size: 66.51315789473684 | 2.0
constraint: 0.03968562753583807 | 0.22083361398512735
community: 10(219) | 10(219)

685 | 3940|0
degree: 18 | 4
eff size: 16.111111111111114 | 2.375
constraint: 0.09496386895142223 | 0.5302854938271605
community: 1551(3) | 1551(3)

683 | 1225|0
degree: 4 | 19
eff size: 1.75 | 15.000000000000002
constraint: 0.4119272343734429 | 0.09524280618784114
community: 10(219) | 10(219)

5568 | 6671|0
degree: 29 | 2
eff size: 14.89655172413793 | 1.0
constraint: 0.07113208017794474 | 1.0
community: 1(14) | 1(14)

2493 | 6537|-1
degree: 23 | 1
eff size: 22.84782608695652 | -1
constraint: 0.04738580778264136 | 1.0
community: 111(1) | 2079(1)

5400 | 6683|0
degree: 26 | 10
eff size: 21.307692307692303 | 4.4
constraint: 0.05737817531903982 | 0.26456041678379344
community: 10(219) | 10(219)

4761 | 4622|-1
degree: 6 | 1
eff size: 6.0 | -1
constraint: 0.16666666666666669 | 1.0
community: 600(1) | 599(1)

5418 | 8215|-1
degree: 9 | 1
eff size: 4.555555555555555 | -1
constraint: 0.1928711336020683 | 1.0
community: 10(219) | 359(1)

6670 | 5556|-1
degree: 2 | 10
eff size: 2.0 | 7.250000000000001
constraint: 0.5 | 0.1635984367638271
community: 10(219) | 10(219)

1 | 4151|-1
degree: 228 | 3
eff size: 204.47807017543903 | -1
constraint: 0.026562454270518482 | 0.4233423199951861
community: 10(219) | 289(1)

6955 | 7996|-1
degree: 10 | 1
eff size: 9.85 | -1
constraint: 0.11252943339100349 | 1.0
community: 2045(3) | 2599(1)

5445 | 5446|-1
degree: 5 | 3
eff size: 3.1999999999999997 | 2.0
constraint: 0.4023381204333586 | 0.5555555555555556
community: 29(3) | 28(2)

4200 | 5767|-1
degree: 94 | 2
eff size: 77.81914893617021 | -1
constraint: 0.033705113176041496 | 0.5
community: 10(219) | 1016(1)

3300 | 3302|0
degree: 42 | 15
eff size: 25.761904761904756 | 13.1
constraint: 0.05304687665928142 | 0.09867678867163204
community: 10(219) | 136(2)

1913 | 5221|-1
degree: 122 | 1
eff size: 120.98360655737704 | -1
constraint: 0.008494412725226256 | 1.0
community: 362(2) | 1852(1)

4205 | 7393|-1
degree: 4 | 2
eff size: 3.125 | -1
constraint: 0.3296436740423091 | 0.5
community: 971(1) | 970(1)

3316 | 8370|0
degree: 13 | 2
eff size: 6.884615384615385 | 1.0
constraint: 0.15027570134349785 | 1.0
community: 208(4) | 208(4)

2548 | 5378|0
degree: 138 | 52
eff size: 117.81159420289859 | 27.36538461538461
constraint: 0.025635911644529857 | 0.04739748160260191
community: 10(219) | 10(219)

1913 | 4489|-1
degree: 122 | 1
eff size: 120.98360655737704 | -1
constraint: 0.008494412725226256 | 1.0
community: 362(2) | 1566(1)

701 | 3761|-1
degree: 680 | 3
eff size: 642.9308823529419 | -1
constraint: 0.011895372600100844 | 0.33471768114531436
community: 10(219) | 2063(2)

3561 | 7338|-1
degree: 610 | 2
eff size: 563.6614754098368 | -1
constraint: 0.014940101746988666 | 0.5172633334870532
community: 10(219) | 2534(1)

4200 | 6938|-1
degree: 94 | 4
eff size: 77.81914893617021 | 2.75
constraint: 0.033705113176041496 | 0.3369360951817081
community: 10(219) | 1444(1)

5483 | 5554|-1
degree: 12 | 2
eff size: 12.0 | -1
constraint: 0.08333333333333336 | 0.5
community: 1308(2) | 326(1)

5455 | 5456|-1
degree: 2 | 1
eff size: 2.0 | -1
constraint: 0.5 | 1.0
community: 34(2) | 34(2)

4200 | 7058|-1
degree: 94 | 2
eff size: 77.81914893617021 | -1
constraint: 0.033705113176041496 | 0.512224222119013
community: 10(219) | 1513(1)

4200 | 4258|-1
degree: 94 | 3
eff size: 77.81914893617021 | -1
constraint: 0.033705113176041496 | 0.3806290182236943
community: 10(219) | 662(1)

1323 | 1681|0
degree: 18 | 3
eff size: 8.88888888888889 | 2.0
constraint: 0.11478546894294983 | 0.5555555555555556
community: 205(6) | 205(6)

3561 | 7106|-1
degree: 610 | 3
eff size: 563.6614754098368 | -1
constraint: 0.014940101746988666 | 0.3457016241079367
community: 10(219) | 1883(1)

4717 | 4767|-1
degree: 4 | 2
eff size: 4.0 | -1
constraint: 0.25 | 0.5
community: 1295(2) | 218(1)

3308 | 2109|-1
degree: 5 | 3
eff size: 4.699999999999999 | 2.0
constraint: 0.22073609467455627 | 0.5555555555555556
community: 10(219) | 10(219)

2118 | 8299|0
degree: 33 | 2
eff size: 17.848484848484848 | 1.0
constraint: 0.062082667301522516 | 1.0
community: 184(13) | 184(13)

2107 | 6770|0
degree: 3 | 7
eff size: 2.0 | 4.0
constraint: 0.5555555555555556 | 0.2653061224489796
community: 656(3) | 656(3)

5400 | 6679|-1
degree: 26 | 7
eff size: 21.307692307692303 | 6.714285714285714
constraint: 0.05737817531903982 | 0.15913058876218164
community: 10(219) | 60(1)

1755 | 3259|-1
degree: 88 | 5
eff size: 78.82954545454545 | 3.4000000000000004
constraint: 0.019453894384867387 | 0.2872109000296833
community: 10(219) | 10(219)

3561 | 4213|-1
degree: 610 | 2
eff size: 563.6614754098368 | -1
constraint: 0.014940101746988666 | 0.5
community: 10(219) | 676(1)

4200 | 5557|-1
degree: 94 | 6
eff size: 77.81914893617021 | 3.3333333333333335
constraint: 0.033705113176041496 | 0.29049163561984076
community: 10(219) | 14(34)

2853 | 3246|0
degree: 6 | 6
eff size: 3.666666666666667 | 2.8333333333333335
constraint: 0.3277731102242759 | 0.35374581289492624
community: 10(219) | 10(219)

6841 | 3216|-1
degree: 12 | 6
eff size: 9.291666666666668 | 6.0
constraint: 0.1568956286218191 | 0.16666666666666669
community: 10(219) | 414(2)

1887 | 5617|0
degree: 10 | 10
eff size: 6.000000000000001 | 8.35
constraint: 0.22552794803431095 | 0.17919314539239511
community: 10(219) | 791(1)

6235 | 5510|-1
degree: 24 | 4
eff size: 16.791666666666668 | 4.0
constraint: 0.06982857544834241 | 0.25
community: 10(219) | 214(1)

6685 | 8196|-1
degree: 9 | 4
eff size: 9.0 | 4.0
constraint: 0.1111111111111111 | 0.25
community: 349(1) | 209(2)

174 | 6973|-1
degree: 74 | 3
eff size: 43.24324324324325 | -1
constraint: 0.04801426121630281 | 0.35783345360581376
community: 10(219) | 2213(1)

4200 | 4436|-1
degree: 94 | 20
eff size: 77.81914893617021 | 6.675
constraint: 0.033705113176041496 | 0.10924625066317664
community: 10(219) | 10(219)

3303 | 6730|-1
degree: 19 | 6
eff size: 17.473684210526315 | 5.5
constraint: 0.0696150239359039 | 0.2382549331418214
community: 1203(1) | 1202(2)

701 | 5106|-1
degree: 680 | 1
eff size: 642.9308823529419 | -1
constraint: 0.011895372600100844 | 1.0
community: 10(219) | 878(1)

1 | 6553|-1
degree: 228 | 11
eff size: 204.47807017543903 | 8.227272727272727
constraint: 0.026562454270518482 | 0.12401744497518058
community: 10(219) | 117(2)

3561 | 10599|-1
degree: 610 | 1
eff size: 563.6614754098368 | -1
constraint: 0.014940101746988666 | 1.0
community: 10(219) | 138(1)

1 | 6841|-1
degree: 228 | 12
eff size: 204.47807017543903 | 9.291666666666668
constraint: 0.026562454270518482 | 0.1568956286218191
community: 10(219) | 10(219)

7569 | 7570|-1
degree: 2 | 2
eff size: 1.0 | -1
constraint: 0.8524408284023668 | 0.8524408284023668
community: 936(2) | 935(1)

702 | 2871|-1
degree: 92 | 5
eff size: 75.68478260869567 | 4.6
constraint: 0.022213603024185874 | 0.21507576561371608
community: 10(219) | 418(3)

5568 | 8510|0
degree: 29 | 2
eff size: 14.89655172413793 | 1.0
constraint: 0.07113208017794474 | 1.0
community: 1(14) | 1(14)

1 | 6623|-1
degree: 228 | 3
eff size: 204.47807017543903 | -1
constraint: 0.026562454270518482 | 0.35017134127804855
community: 10(219) | 2036(1)

702 | 3300|0
degree: 92 | 42
eff size: 75.68478260869567 | 25.761904761904756
constraint: 0.022213603024185874 | 0.05304687665928142
community: 10(219) | 10(219)

5462 | 6676|-1
degree: 21 | 1
eff size: 10.761904761904763 | -1
constraint: 0.0902009564126596 | 1.0
community: 10(219) | 1053(1)

5413 | 6205|0
degree: 112 | 9
eff size: 57.14732142857144 | 2.666666666666667
constraint: 0.03501787849789816 | 0.2228997750907878
community: 10(219) | 10(219)

3252 | 8258|-1
degree: 7 | 2
eff size: 6.714285714285715 | -1
constraint: 0.16415107709750562 | 0.5
community: 187(2) | 1349(1)

1323 | 1673|0
degree: 18 | 106
eff size: 8.88888888888889 | 62.919811320754704
constraint: 0.11478546894294983 | 0.030746090737569752
community: 205(6) | 10(219)

6235 | 6140|-1
degree: 24 | 4
eff size: 16.791666666666668 | 3.5
constraint: 0.06982857544834241 | 0.25101291408552073
community: 10(219) | 78(1)

4200 | 6062|-1
degree: 94 | 4
eff size: 77.81914893617021 | 2.75
constraint: 0.033705113176041496 | 0.2611702077957877
community: 10(219) | 2123(1)

6799 | 8388|0
degree: 7 | 3
eff size: 5.0 | 2.0
constraint: 0.22448979591836732 | 0.5555555555555556
community: 507(4) | 507(4)

1741 | 3277|-1
degree: 10 | 2
eff size: 9.0 | -1
constraint: 0.12000000000000002 | 0.5
community: 10(219) | 1234(1)

3352 | 6752|-1
degree: 10 | 3
eff size: 9.600000000000001 | -1
constraint: 0.13245555555555558 | 0.4055555555555555
community: 584(1) | 725(2)

701 | 6948|-1
degree: 680 | 1
eff size: 642.9308823529419 | -1
constraint: 0.011895372600100844 | 1.0
community: 10(219) | 2066(1)

3335 | 5568|0
degree: 2 | 29
eff size: 1.0 | 14.89655172413793
constraint: 1.0 | 0.07113208017794474
community: 1(14) | 1(14)

4200 | 4261|-1
degree: 94 | 3
eff size: 77.81914893617021 | -1
constraint: 0.033705113176041496 | 0.3387663209417835
community: 10(219) | 829(2)

6841 | 6905|-1
degree: 12 | 3
eff size: 9.291666666666668 | 3.0
constraint: 0.1568956286218191 | 0.3333333333333333
community: 10(219) | 10(219)

2118 | 5434|0
degree: 33 | 4
eff size: 17.848484848484848 | 3.0
constraint: 0.062082667301522516 | 0.375
community: 184(13) | 184(13)

4000 | 3320|-1
degree: 68 | 23
eff size: 55.26470588235293 | 14.521739130434783
constraint: 0.024114426633222732 | 0.07177685686458761
community: 10(219) | 10(219)

6113 | 5696|-1
degree: 55 | 65
eff size: 40.05454545454546 | 51.48461538461538
constraint: 0.03502056911227048 | 0.03052911159663617
community: 10(219) | 10(219)

1673 | 3407|0
degree: 106 | 12
eff size: 62.919811320754704 | 3.6250000000000004
constraint: 0.030746090737569752 | 0.15102037220264625
community: 10(219) | 10(219)

2856 | 5413|0
degree: 25 | 112
eff size: 21.12 | 57.14732142857144
constraint: 0.06830482141412886 | 0.03501787849789816
community: 14(34) | 10(219)

766 | 3300|0
degree: 3 | 42
eff size: 2.0 | 25.761904761904756
constraint: 0.5555555555555556 | 0.05304687665928142
community: 10(219) | 10(219)

1328 | 6332|0
degree: 4 | 16
eff size: 3.0 | 14.0
constraint: 0.375 | 0.078125
community: 174(4) | 174(4)

3316 | 8291|0
degree: 13 | 3
eff size: 6.884615384615385 | 2.0
constraint: 0.15027570134349785 | 0.5555555555555556
community: 208(4) | 208(4)

3786 | 4757|-1
degree: 14 | 1
eff size: 13.892857142857144 | -1
constraint: 0.07782286416313366 | 1.0
community: 864(2) | 453(1)

5412 | 5597|-1
degree: 4 | 1
eff size: 3.75 | -1
constraint: 0.26578154771746665 | 1.0
community: 464(1) | 463(1)

5650 | 4376|-1
degree: 19 | 2
eff size: 17.894736842105267 | -1
constraint: 0.08912380019944743 | 0.5277441450243939
community: 941(1) | 810(1)

1239 | 1312|-1
degree: 416 | 3
eff size: 380.25600961538566 | -1
constraint: 0.021917378751470443 | 0.36338205230933596
community: 10(219) | 681(1)

4969 | 7960|0
degree: 31 | 5
eff size: 15.56451612903226 | 3.8
constraint: 0.08260748862996788 | 0.28771275775265603
community: 10(219) | 10(219)

1673 | 6205|0
degree: 106 | 9
eff size: 62.919811320754704 | 2.666666666666667
constraint: 0.030746090737569752 | 0.2228997750907878
community: 10(219) | 10(219)

701 | 6955|-1
degree: 680 | 10
eff size: 642.9308823529419 | 9.85
constraint: 0.011895372600100844 | 0.11252943339100349
community: 10(219) | 2045(3)

174 | 5646|0
degree: 74 | 63
eff size: 43.24324324324325 | 48.15079365079366
constraint: 0.04801426121630281 | 0.034991771405570714
community: 10(219) | 10(219)

1 | 1673|-1
degree: 228 | 106
eff size: 204.47807017543903 | 62.919811320754704
constraint: 0.026562454270518482 | 0.030746090737569752
community: 10(219) | 10(219)

4200 | 6601|-1
degree: 94 | 2
eff size: 77.81914893617021 | -1
constraint: 0.033705113176041496 | 0.512224222119013
community: 10(219) | 684(1)

1890 | 1140|-1
degree: 15 | 3
eff size: 11.700000000000003 | -1
constraint: 0.11733151629298884 | 0.40901540659116414
community: 10(219) | 2099(1)

1899 | 3256|0
degree: 5 | 10
eff size: 3.0 | 6.6000000000000005
constraint: 0.3600000000000001 | 0.1753376549586777
community: 616(6) | 616(6)

1800 | 2548|0
degree: 29 | 138
eff size: 16.293103448275865 | 117.81159420289859
constraint: 0.06620791000309803 | 0.025635911644529857
community: 10(219) | 10(219)

6450 | 4969|-1
degree: 2 | 31
eff size: 2.0 | 15.56451612903226
constraint: 0.5 | 0.08260748862996788
community: 10(219) | 10(219)

1 | 10419|-1
degree: 228 | 2
eff size: 204.47807017543903 | -1
constraint: 0.026562454270518482 | 0.5058779524655443
community: 10(219) | 1903(1)

3315 | 5568|0
degree: 3 | 29
eff size: 1.5 | 14.89655172413793
constraint: 0.5996215030056811 | 0.07113208017794474
community: 1(14) | 1(14)

297 | 3134|-1
degree: 43 | 1
eff size: 23.895348837209305 | -1
constraint: 0.04771727138671561 | 1.0
community: 10(219) | 1514(1)

1323 | 4583|0
degree: 18 | 6
eff size: 8.88888888888889 | 3.0
constraint: 0.11478546894294983 | 0.22554723397559043
community: 205(6) | 205(6)

1213 | 1755|0
degree: 5 | 88
eff size: 4.0 | 78.82954545454545
constraint: 0.28 | 0.019453894384867387
community: 716(2) | 10(219)

1 | 6113|0
degree: 228 | 55
eff size: 204.47807017543903 | 40.05454545454546
constraint: 0.026562454270518482 | 0.03502056911227048
community: 10(219) | 10(219)

1849 | 5459|0
degree: 65 | 78
eff size: 34.138461538461534 | 38.29487179487179
constraint: 0.06313920579480818 | 0.04964412189685643
community: 14(34) | 14(34)

6679 | 559|-1
degree: 7 | 2
eff size: 6.714285714285714 | -1
constraint: 0.15913058876218164 | 0.5
community: 60(1) | 466(2)

4200 | 2828|-1
degree: 94 | 24
eff size: 77.81914893617021 | 10.145833333333334
constraint: 0.033705113176041496 | 0.09156605033864927
community: 10(219) | 10(219)

3308 | 6785|-1
degree: 5 | 2
eff size: 4.699999999999999 | -1
constraint: 0.22073609467455627 | 0.5
community: 10(219) | 786(2)

4200 | 5771|-1
degree: 94 | 4
eff size: 77.81914893617021 | -1
constraint: 0.033705113176041496 | 0.2653619590098797
community: 10(219) | 276(1)

4200 | 6320|-1
degree: 94 | 6
eff size: 77.81914893617021 | 4.5
constraint: 0.033705113176041496 | 0.2313950400703609
community: 10(219) | 16(3)

2686 | 8223|-1
degree: 16 | 2
eff size: 12.75 | -1
constraint: 0.0877253862590401 | 0.5
community: 14(34) | 2361(2)

6841 | 8296|0
degree: 12 | 4
eff size: 9.291666666666668 | 1.5
constraint: 0.1568956286218191 | 0.5554492630385487
community: 10(219) | 10(219)

702 | 5540|-1
degree: 92 | 2
eff size: 75.68478260869567 | -1
constraint: 0.022213603024185874 | 0.5062001542457859
community: 10(219) | 1719(1)

3491 | 1299|-1
degree: 51 | 26
eff size: 38.470588235294116 | 15.78846153846154
constraint: 0.04089013762624079 | 0.07382398120339706
community: 10(219) | 10(219)

3847 | 6248|-1
degree: 83 | 5
eff size: 45.45180722891567 | 1.9
constraint: 0.04606285908386208 | 0.2918221270567122
community: 10(219) | 10(219)

701 | 7079|-1
degree: 680 | 2
eff size: 642.9308823529419 | -1
constraint: 0.011895372600100844 | 0.5031147825769573
community: 10(219) | 1346(1)

701 | 7427|-1
degree: 680 | 1
eff size: 642.9308823529419 | -1
constraint: 0.011895372600100844 | 1.0
community: 10(219) | 2490(1)

3256 | 5410|-1
degree: 10 | 4
eff size: 6.6000000000000005 | -1
constraint: 0.1753376549586777 | 0.290625
community: 616(6) | 616(6)

1280 | 5696|-1
degree: 23 | 65
eff size: 11.347826086956523 | 51.48461538461538
constraint: 0.09234361931555386 | 0.03052911159663617
community: 10(219) | 10(219)

5671 | 5673|-1
degree: 4 | 8
eff size: 2.25 | 8.0
constraint: 0.39562609540608784 | 0.125
community: 1509(4) | 1509(4)

4969 | 7594|0
degree: 31 | 9
eff size: 15.56451612903226 | 4.333333333333333
constraint: 0.08260748862996788 | 0.2080480867943935
community: 10(219) | 10(219)

5539 | 8319|-1
degree: 6 | 2
eff size: 5.416666666666667 | -1
constraint: 0.19269398530762166 | 0.5
community: 1281(2) | 585(1)

1 | 5731|-1
degree: 228 | 1
eff size: 204.47807017543903 | -1
constraint: 0.026562454270518482 | 1.0
community: 10(219) | 2172(1)

817 | 3963|0
degree: 4 | 6
eff size: 2.375 | 3.583333333333333
constraint: 0.47611111111111115 | 0.3358333333333333
community: 548(2) | 110(1)

1321 | 6201|-1
degree: 6 | 4
eff size: 6.0 | -1
constraint: 0.16666666666666669 | 0.2580629711078178
community: 1854(2) | 711(1)

3304 | 8295|-1
degree: 9 | 1
eff size: 6.777777777777779 | -1
constraint: 0.17144676800761455 | 1.0
community: 10(219) | 907(1)

1890 | 2686|-1
degree: 15 | 16
eff size: 11.700000000000003 | 12.75
constraint: 0.11733151629298884 | 0.0877253862590401
community: 10(219) | 14(34)

1299 | 3307|-1
degree: 26 | 5
eff size: 15.78846153846154 | 4.4
constraint: 0.07382398120339706 | 0.24098330046022354
community: 10(219) | 1071(2)

1 | 5646|0
degree: 228 | 63
eff size: 204.47807017543903 | 48.15079365079366
constraint: 0.026562454270518482 | 0.034991771405570714
community: 10(219) | 10(219)

3561 | 7079|-1
degree: 610 | 2
eff size: 563.6614754098368 | -1
constraint: 0.014940101746988666 | 0.5031147825769573
community: 10(219) | 1346(1)

298 | 7170|0
degree: 2 | 17
eff size: 1.0 | 9.558823529411764
constraint: 1.0 | 0.12333998007496724
community: 10(219) | 10(219)

2548 | 4000|0
degree: 138 | 68
eff size: 117.81159420289859 | 55.26470588235293
constraint: 0.025635911644529857 | 0.024114426633222732
community: 10(219) | 10(219)

1890 | 5590|-1
degree: 15 | 7
eff size: 11.700000000000003 | 3.714285714285715
constraint: 0.11733151629298884 | 0.2794467402315825
community: 10(219) | 10(219)

3304 | 8201|-1
degree: 9 | 3
eff size: 6.777777777777779 | 2.0
constraint: 0.17144676800761455 | 0.5555555555555556
community: 10(219) | 823(2)

1239 | 7385|-1
degree: 416 | 3
eff size: 380.25600961538566 | -1
constraint: 0.021917378751470443 | 0.3601363370629067
community: 10(219) | 1138(1)

174 | 4596|-1
degree: 74 | 2
eff size: 43.24324324324325 | -1
constraint: 0.04801426121630281 | 0.5153381602728988
community: 10(219) | 737(1)

3817 | 10322|-1
degree: 3 | 1
eff size: 3.0 | -1
constraint: 0.3333333333333333 | 1.0
community: 145(2) | 256(1)

2914 | 6205|0
degree: 205 | 9
eff size: 111.02195121951213 | 2.666666666666667
constraint: 0.026625592087086227 | 0.2228997750907878
community: 10(219) | 10(219)

5471 | 5568|0
degree: 2 | 29
eff size: 1.0 | 14.89655172413793
constraint: 1.0 | 0.07113208017794474
community: 1(14) | 1(14)

2848 | 3267|0
degree: 5 | 2
eff size: 4.0 | 1.0
constraint: 0.28 | 1.0
community: 1194(2) | 1194(2)

2497 | 4436|0
degree: 166 | 20
eff size: 94.83433734939754 | 6.675
constraint: 0.02762901014082048 | 0.10924625066317664
community: 10(219) | 10(219)

3549 | 10663|-1
degree: 21 | 2
eff size: 13.309523809523808 | -1
constraint: 0.09701227253276445 | 0.5513593721802447
community: 10(219) | 1423(1)

1890 | 5583|-1
degree: 15 | 6
eff size: 11.700000000000003 | 5.333333333333334
constraint: 0.11733151629298884 | 0.2027364554637282
community: 10(219) | 1868(1)

4778 | 7620|-1
degree: 8 | 1
eff size: 7.875 | -1
constraint: 0.127758663284554 | 1.0
community: 364(1) | 372(1)

93 | 7806|-1
degree: 7 | 2
eff size: 6.714285714285714 | -1
constraint: 0.1431878903136394 | 0.5
community: 1809(1) | 605(1)

2548 | 6172|0
degree: 138 | 23
eff size: 117.81159420289859 | 9.695652173913043
constraint: 0.025635911644529857 | 0.0870166551649294
community: 10(219) | 10(219)

4637 | 8443|-1
degree: 32 | 1
eff size: 30.671875 | -1
constraint: 0.03552828088542472 | 1.0
community: 1261(1) | 132(1)

4200 | 10478|-1
degree: 94 | 1
eff size: 77.81914893617021 | -1
constraint: 0.033705113176041496 | 1.0
community: 10(219) | 1339(1)

2118 | 3253|0
degree: 33 | 2
eff size: 17.848484848484848 | 1.0
constraint: 0.062082667301522516 | 1.0
community: 184(13) | 184(13)

5417 | 5590|-1
degree: 11 | 7
eff size: 9.227272727272727 | 3.714285714285715
constraint: 0.14252156525930273 | 0.2794467402315825
community: 10(219) | 10(219)

2109 | 3300|0
degree: 3 | 42
eff size: 2.0 | 25.761904761904756
constraint: 0.5555555555555556 | 0.05304687665928142
community: 10(219) | 10(219)

8342 | 2854|-1
degree: 9 | 13
eff size: 8.333333333333334 | 13.0
constraint: 0.17318660620728923 | 0.07692307692307694
community: 185(1) | 432(2)

3462 | 7483|-1
degree: 5 | 2
eff size: 3.7 | -1
constraint: 0.35648888888888897 | 0.5
community: 1925(3) | 1925(3)

2548 | 5046|-1
degree: 138 | 2
eff size: 117.81159420289859 | -1
constraint: 0.025635911644529857 | 0.5
community: 10(219) | 1360(1)

2118 | 2820|0
degree: 33 | 3
eff size: 17.848484848484848 | 2.0
constraint: 0.062082667301522516 | 0.5555555555555556
community: 184(13) | 184(13)

2598 | 5444|0
degree: 3 | 3
eff size: 2.0 | 2.0
constraint: 0.5555555555555556 | 0.5555555555555556
community: 207(2) | 207(2)

701 | 7282|-1
degree: 680 | 2
eff size: 642.9308823529419 | -1
constraint: 0.011895372600100844 | 0.512224222119013
community: 10(219) | 2407(1)

10490 | 81|-1
degree: 4 | 5
eff size: 4.0 | 4.6
constraint: 0.25 | 0.20062118007923674
community: 1614(2) | 63(1)

2516 | 4725|-1
degree: 36 | 9
eff size: 31.569444444444432 | 8.11111111111111
constraint: 0.12931728744459736 | 0.1554275960302299
community: 10(219) | 1927(1)

1239 | 7065|-1
degree: 416 | 4
eff size: 380.25600961538566 | 2.5
constraint: 0.021917378751470443 | 0.25276714690339674
community: 10(219) | 1164(1)

2118 | 8470|0
degree: 33 | 4
eff size: 17.848484848484848 | 3.0
constraint: 0.062082667301522516 | 0.375
community: 184(13) | 58(1)

1982 | 7042|-1
degree: 7 | 2
eff size: 5.285714285714286 | -1
constraint: 0.22897616759216458 | 0.5
community: 650(3) | 1412(1)

6955 | 10590|-1
degree: 10 | 2
eff size: 9.85 | -1
constraint: 0.11252943339100349 | 0.5
community: 2045(3) | 1735(1)

4778 | 7655|-1
degree: 8 | 3
eff size: 7.875 | 3.0
constraint: 0.127758663284554 | 0.3333333333333333
community: 364(1) | 969(1)

2578 | 8595|-1
degree: 13 | 1
eff size: 12.0 | -1
constraint: 0.08875739644970417 | 1.0
community: 484(2) | 2103(1)

4200 | 7770|-1
degree: 94 | 5
eff size: 77.81914893617021 | 3.5999999999999996
constraint: 0.033705113176041496 | 0.2613167135461649
community: 10(219) | 2240(2)

4200 | 7019|-1
degree: 94 | 4
eff size: 77.81914893617021 | -1
constraint: 0.033705113176041496 | 0.2638626507850649
community: 10(219) | 1145(1)

2548 | 7765|0
degree: 138 | 2
eff size: 117.81159420289859 | 1.0
constraint: 0.025635911644529857 | 1.0
community: 10(219) | 10(219)

4200 | 7782|-1
degree: 94 | 5
eff size: 77.81914893617021 | 3.6
constraint: 0.033705113176041496 | 0.2819829604745387
community: 10(219) | 277(2)

1299 | 5378|0
degree: 26 | 52
eff size: 15.78846153846154 | 27.36538461538461
constraint: 0.07382398120339706 | 0.04739748160260191
community: 10(219) | 10(219)

6793 | 6667|-1
degree: 3 | 1
eff size: 3.0 | -1
constraint: 0.3333333333333333 | 1.0
community: 1212(2) | 1212(2)

1323 | 4373|0
degree: 18 | 4
eff size: 8.88888888888889 | 3.0
constraint: 0.11478546894294983 | 0.375
community: 205(6) | 205(6)

3561 | 1299|-1
degree: 610 | 26
eff size: 563.6614754098368 | 15.78846153846154
constraint: 0.014940101746988666 | 0.07382398120339706
community: 10(219) | 10(219)

3300 | 5378|0
degree: 42 | 52
eff size: 25.761904761904756 | 27.36538461538461
constraint: 0.05304687665928142 | 0.04739748160260191
community: 10(219) | 10(219)

1323 | 10694|0
degree: 18 | 4
eff size: 8.88888888888889 | 2.5
constraint: 0.11478546894294983 | 0.37577869564423927
community: 205(6) | 205(6)

6679 | 513|-1
degree: 7 | 6
eff size: 6.714285714285714 | 4.5
constraint: 0.15913058876218164 | 0.2238281329029123
community: 60(1) | 10(219)

2497 | 4710|-1
degree: 166 | 2
eff size: 94.83433734939754 | -1
constraint: 0.02762901014082048 | 0.6436461206270867
community: 10(219) | 1655(2)

8196 | 8208|-1
degree: 4 | 2
eff size: 4.0 | -1
constraint: 0.25 | 0.5
community: 209(2) | 1281(2)

1913 | 3542|-1
degree: 122 | 1
eff size: 120.98360655737704 | -1
constraint: 0.008494412725226256 | 1.0
community: 362(2) | 2211(1)

8451 | 8456|-1
degree: 2 | 2
eff size: 2.0 | -1
constraint: 0.5 | 0.5
community: 680(2) | 680(2)

701 | 6066|-1
degree: 680 | 9
eff size: 642.9308823529419 | 2.0
constraint: 0.011895372600100844 | 0.22083361398512735
community: 10(219) | 10(219)

702 | 8399|-1
degree: 92 | 2
eff size: 75.68478260869567 | -1
constraint: 0.022213603024185874 | 0.5
community: 10(219) | 2179(1)

6679 | 6770|-1
degree: 7 | 7
eff size: 6.714285714285714 | 4.0
constraint: 0.15913058876218164 | 0.2653061224489796
community: 60(1) | 656(3)

3576 | 3782|-1
degree: 6 | 1
eff size: 6.0 | -1
constraint: 0.16666666666666669 | 1.0
community: 52(2) | 52(2)

6955 | 7966|-1
degree: 10 | 2
eff size: 9.85 | -1
constraint: 0.11252943339100349 | 0.5
community: 2045(3) | 1591(1)

701 | 2917|-1
degree: 680 | 10
eff size: 642.9308823529419 | 6.2
constraint: 0.011895372600100844 | 0.1624917213626492
community: 10(219) | 10(219)

4200 | 6078|-1
degree: 94 | 5
eff size: 77.81914893617021 | 3.0
constraint: 0.033705113176041496 | 0.29363499276053684
community: 10(219) | 1467(2)

1241 | 8253|-1
degree: 9 | 2
eff size: 9.0 | -1
constraint: 0.1111111111111111 | 0.5
community: 507(4) | 2368(1)

1241 | 5470|-1
degree: 9 | 2
eff size: 9.0 | -1
constraint: 0.1111111111111111 | 0.5
community: 507(4) | 1155(1)

702 | 3243|-1
degree: 92 | 5
eff size: 75.68478260869567 | 4.4
constraint: 0.022213603024185874 | 0.2014932409251386
community: 10(219) | 725(2)

6793 | 6820|-1
degree: 3 | 3
eff size: 3.0 | 2.0
constraint: 0.3333333333333333 | 0.5555555555555556
community: 1212(2) | 2(2)

145 | 1201|0
degree: 38 | 3
eff size: 29.18421052631578 | 2.0
constraint: 0.05281673869939886 | 0.5555555555555556
community: 10(219) | 10(219)

2914 | 6077|0
degree: 205 | 4
eff size: 111.02195121951213 | 2.125
constraint: 0.026625592087086227 | 0.38100724632448035
community: 10(219) | 10(219)

3564 | 4969|0
degree: 6 | 31
eff size: 4.166666666666667 | 15.56451612903226
constraint: 0.2308616794839534 | 0.08260748862996788
community: 10(219) | 10(219)

1239 | 3356|0
degree: 416 | 27
eff size: 380.25600961538566 | 9.203703703703706
constraint: 0.021917378751470443 | 0.08584962194230904
community: 10(219) | 10(219)

1323 | 5646|0
degree: 18 | 63
eff size: 8.88888888888889 | 48.15079365079366
constraint: 0.11478546894294983 | 0.034991771405570714
community: 205(6) | 10(219)

4200 | 10684|-1
degree: 94 | 2
eff size: 77.81914893617021 | -1
constraint: 0.033705113176041496 | 0.5
community: 10(219) | 1607(1)

1901 | 6720|0
degree: 7 | 3
eff size: 4.0 | 2.0
constraint: 0.2653061224489796 | 0.5555555555555556
community: 215(4) | 215(4)

4200 | 6392|-1
degree: 94 | 2
eff size: 77.81914893617021 | -1
constraint: 0.033705113176041496 | 0.5
community: 10(219) | 1347(1)

1740 | 6196|0
degree: 114 | 19
eff size: 66.51315789473684 | 7.55263157894737
constraint: 0.03968562753583807 | 0.11301995432910887
community: 10(219) | 10(219)

7655 | 7533|-1
degree: 3 | 1
eff size: 3.0 | -1
constraint: 0.3333333333333333 | 1.0
community: 969(1) | 968(1)

1137 | 3255|-1
degree: 3 | 5
eff size: 3.0 | 4.0
constraint: 0.3333333333333333 | 0.28
community: 1314(1) | 188(2)

3847 | 3763|-1
degree: 83 | 7
eff size: 45.45180722891567 | 1.7142857142857144
constraint: 0.04606285908386208 | 0.24351012862424387
community: 10(219) | 10(219)

2497 | 2524|-1
degree: 166 | 2
eff size: 94.83433734939754 | -1
constraint: 0.02762901014082048 | 0.5346097688388538
community: 10(219) | 1548(1)

8001 | 6765|-1
degree: 8 | 19
eff size: 6.5625 | 16.63157894736842
constraint: 0.17397079548306738 | 0.07006990663621276
community: 16(3) | 14(34)

4200 | 4527|-1
degree: 94 | 6
eff size: 77.81914893617021 | 3.166666666666667
constraint: 0.033705113176041496 | 0.28487831999598395
community: 10(219) | 10(219)

1853 | 1776|-1
degree: 17 | 2
eff size: 14.911764705882353 | -1
constraint: 0.0789163176297614 | 0.5
community: 254(4) | 2175(1)

132 | 1914|0
degree: 4 | 3
eff size: 2.75 | 2.0
constraint: 0.38711320925429 | 0.5555555555555556
community: 1838(2) | 1838(2)

1930 | 5400|0
degree: 7 | 26
eff size: 4.571428571428571 | 21.307692307692303
constraint: 0.23755865275207524 | 0.05737817531903982
community: 10(219) | 10(219)

2551 | 5378|0
degree: 33 | 52
eff size: 16.439393939393938 | 27.36538461538461
constraint: 0.0728491047811342 | 0.04739748160260191
community: 10(219) | 10(219)

701 | 10663|-1
degree: 680 | 2
eff size: 642.9308823529419 | -1
constraint: 0.011895372600100844 | 0.5513593721802447
community: 10(219) | 1423(1)

3561 | 5389|0
degree: 610 | 6
eff size: 563.6614754098368 | 3.5
constraint: 0.014940101746988666 | 0.280018530832666
community: 10(219) | 10(219)

3561 | 2914|-1
degree: 610 | 205
eff size: 563.6614754098368 | 111.02195121951213
constraint: 0.014940101746988666 | 0.026625592087086227
community: 10(219) | 10(219)

1853 | 8445|0
degree: 17 | 3
eff size: 14.911764705882353 | 1.5
constraint: 0.0789163176297614 | 0.5864636628133508
community: 254(4) | 254(4)

3847 | 683|-1
degree: 83 | 4
eff size: 45.45180722891567 | 1.75
constraint: 0.04606285908386208 | 0.4119272343734429
community: 10(219) | 10(219)

5378 | 6235|0
degree: 52 | 24
eff size: 27.36538461538461 | 16.791666666666668
constraint: 0.04739748160260191 | 0.06982857544834241
community: 10(219) | 10(219)

701 | 10717|-1
degree: 680 | 2
eff size: 642.9308823529419 | -1
constraint: 0.011895372600100844 | 0.5031147825769573
community: 10(219) | 1970(1)

1901 | 8387|0
degree: 7 | 2
eff size: 4.0 | 1.0
constraint: 0.2653061224489796 | 1.0
community: 215(4) | 215(4)

1759 | 2853|0
degree: 23 | 6
eff size: 19.043478260869566 | 3.666666666666667
constraint: 0.07102240188861433 | 0.3277731102242759
community: 10(219) | 10(219)

5448 | 5442|-1
degree: 2 | 1
eff size: 2.0 | -1
constraint: 0.5 | 1.0
community: 1887(2) | 1887(2)

2548 | 8152|-1
degree: 138 | 1
eff size: 117.81159420289859 | -1
constraint: 0.025635911644529857 | 1.0
community: 10(219) | 1776(1)

701 | 8273|-1
degree: 680 | 1
eff size: 642.9308823529419 | -1
constraint: 0.011895372600100844 | 1.0
community: 10(219) | 2197(1)

1 | 3847|0
degree: 228 | 83
eff size: 204.47807017543903 | 45.45180722891567
constraint: 0.026562454270518482 | 0.04606285908386208
community: 10(219) | 10(219)

4200 | 6467|-1
degree: 94 | 22
eff size: 77.81914893617021 | 17.409090909090907
constraint: 0.033705113176041496 | 0.07740986447343343
community: 10(219) | 10(219)

701 | 6576|-1
degree: 680 | 3
eff size: 642.9308823529419 | -1
constraint: 0.011895372600100844 | 0.36324320744270466
community: 10(219) | 526(1)

1225 | 87|-1
degree: 19 | 1
eff size: 15.000000000000002 | -1
constraint: 0.09524280618784114 | 1.0
community: 10(219) | 1216(1)

3269 | 2598|-1
degree: 5 | 3
eff size: 5.0 | 2.0
constraint: 0.20000000000000004 | 0.5555555555555556
community: 865(4) | 207(2)

4200 | 10621|-1
degree: 94 | 2
eff size: 77.81914893617021 | -1
constraint: 0.033705113176041496 | 0.5
community: 10(219) | 2426(1)

6873 | 5423|-1
degree: 9 | 1
eff size: 9.0 | -1
constraint: 0.1111111111111111 | 1.0
community: 649(1) | 863(1)

3786 | 4660|-1
degree: 14 | 2
eff size: 13.892857142857144 | -1
constraint: 0.07782286416313366 | 0.5
community: 864(2) | 1881(2)

3149 | 5682|0
degree: 4 | 3
eff size: 3.0 | 2.0
constraint: 0.375 | 0.5555555555555556
community: 1657(2) | 1657(2)

1299 | 2914|0
degree: 26 | 205
eff size: 15.78846153846154 | 111.02195121951213
constraint: 0.07382398120339706 | 0.026625592087086227
community: 10(219) | 10(219)

2493 | 812|-1
degree: 23 | 2
eff size: 22.84782608695652 | -1
constraint: 0.04738580778264136 | 0.5
community: 111(1) | 2597(1)

1198 | 2611|0
degree: 6 | 5
eff size: 3.0 | 4.0
constraint: 0.3333333333333333 | 0.28
community: 10(219) | 10(219)

1849 | 3353|0
degree: 65 | 3
eff size: 34.138461538461534 | 1.0
constraint: 0.06313920579480818 | 0.6059182117028269
community: 14(34) | 14(34)

3561 | 4010|-1
degree: 610 | 3
eff size: 563.6614754098368 | -1
constraint: 0.014940101746988666 | 0.36758813759795317
community: 10(219) | 2488(1)

6661 | 8284|0
degree: 5 | 3
eff size: 4.0 | 2.0
constraint: 0.28 | 0.5555555555555556
community: 514(2) | 514(2)

701 | 163|-1
degree: 680 | 1
eff size: 642.9308823529419 | -1
constraint: 0.011895372600100844 | 1.0
community: 10(219) | 443(1)

3776 | 5303|-1
degree: 3 | 3
eff size: 2.3333333333333335 | -1
constraint: 0.4537666918619299 | 0.4537666918619299
community: 703(3) | 703(3)

6841 | 1103|-1
degree: 12 | 14
eff size: 9.291666666666668 | 9.428571428571429
constraint: 0.1568956286218191 | 0.13472648666220344
community: 10(219) | 10(219)

2548 | 8309|-1
degree: 138 | 5
eff size: 117.81159420289859 | 4.7
constraint: 0.025635911644529857 | 0.23169292165511451
community: 10(219) | 348(2)

1891 | 8227|0
degree: 3 | 2
eff size: 2.0 | 1.0
constraint: 0.5555555555555556 | 1.0
community: 1058(2) | 1058(2)

5443 | 5457|-1
degree: 2 | 1
eff size: 2.0 | -1
constraint: 0.5 | 1.0
community: 991(2) | 991(2)

3356 | 2914|-1
degree: 27 | 205
eff size: 9.203703703703706 | 111.02195121951213
constraint: 0.08584962194230904 | 0.026625592087086227
community: 10(219) | 10(219)

7018 | 6841|-1
degree: 28 | 12
eff size: 27.946428571428573 | 9.291666666666668
constraint: 0.03656534892868714 | 0.1568956286218191
community: 20(1) | 10(219)

174 | 1280|0
degree: 74 | 23
eff size: 43.24324324324325 | 11.347826086956523
constraint: 0.04801426121630281 | 0.09234361931555386
community: 10(219) | 10(219)

278 | 3548|-1
degree: 7 | 1
eff size: 6.642857142857143 | -1
constraint: 0.15041621886065265 | 1.0
community: 635(2) | 635(2)

4200 | 7035|-1
degree: 94 | 3
eff size: 77.81914893617021 | -1
constraint: 0.033705113176041496 | 0.34273335022337265
community: 10(219) | 1862(1)

3304 | 6848|-1
degree: 9 | 2
eff size: 6.777777777777779 | -1
constraint: 0.17144676800761455 | 0.5
community: 10(219) | 1087(2)

5568 | 8398|0
degree: 29 | 2
eff size: 14.89655172413793 | 1.0
constraint: 0.07113208017794474 | 1.0
community: 1(14) | 1(14)

5568 | 8336|0
degree: 29 | 2
eff size: 14.89655172413793 | 1.0
constraint: 0.07113208017794474 | 1.0
community: 1(14) | 1(14)

1273 | 6553|-1
degree: 22 | 11
eff size: 15.954545454545455 | 8.227272727272727
constraint: 0.08986193657168086 | 0.12401744497518058
community: 14(34) | 117(2)

2551 | 7731|-1
degree: 33 | 2
eff size: 16.439393939393938 | -1
constraint: 0.0728491047811342 | 0.5326940548136285
community: 10(219) | 1568(1)

1321 | 1679|-1
degree: 6 | 1
eff size: 6.0 | -1
constraint: 0.16666666666666669 | 1.0
community: 1854(2) | 1854(2)

3305 | 6804|-1
degree: 9 | 1
eff size: 7.888888888888889 | -1
constraint: 0.13854070434758264 | 1.0
community: 675(4) | 2352(1)

1327 | 10240|-1
degree: 12 | 3
eff size: 11.0 | -1
constraint: 0.09722222222222224 | 0.3333333333333333
community: 1168(1) | 1980(1)

174 | 3847|0
degree: 74 | 83
eff size: 43.24324324324325 | 45.45180722891567
constraint: 0.04801426121630281 | 0.04606285908386208
community: 10(219) | 10(219)

1299 | 1833|0
degree: 26 | 6
eff size: 15.78846153846154 | 3.75
constraint: 0.07382398120339706 | 0.23003508837152523
community: 10(219) | 10(219)

4969 | 7772|0
degree: 31 | 3
eff size: 15.56451612903226 | 1.0
constraint: 0.08260748862996788 | 0.5873874662390716
community: 10(219) | 10(219)

5568 | 8411|0
degree: 29 | 2
eff size: 14.89655172413793 | 1.0
constraint: 0.07113208017794474 | 1.0
community: 1(14) | 1(14)

5441 | 5451|-1
degree: 7 | 3
eff size: 6.571428571428571 | 1.1666666666666667
constraint: 0.21552028218694882 | 0.7279818594104308
community: 29(3) | 29(3)

1239 | 6427|-1
degree: 416 | 5
eff size: 380.25600961538566 | 3.5999999999999996
constraint: 0.021917378751470443 | 0.2828849482248521
community: 10(219) | 16(3)

6726 | 6750|-1
degree: 2 | 1
eff size: 2.0 | -1
constraint: 0.5 | 1.0
community: 980(1) | 979(1)

1325 | 6955|-1
degree: 12 | 10
eff size: 11.0 | 9.85
constraint: 0.09722222222222224 | 0.11252943339100349
community: 206(1) | 2045(3)

6680 | 6681|0
degree: 11 | 5
eff size: 8.090909090909092 | 2.2
constraint: 0.18985701167519353 | 0.4938710743801654
community: 10(219) | 10(219)

4200 | 3110|-1
degree: 94 | 2
eff size: 77.81914893617021 | -1
constraint: 0.033705113176041496 | 0.5
community: 10(219) | 2115(1)

4200 | 7949|-1
degree: 94 | 2
eff size: 77.81914893617021 | -1
constraint: 0.033705113176041496 | 0.5
community: 10(219) | 2357(1)

1239 | 6349|-1
degree: 416 | 2
eff size: 380.25600961538566 | -1
constraint: 0.021917378751470443 | 0.5092028637907402
community: 10(219) | 2253(1)

6841 | 1136|-1
degree: 12 | 9
eff size: 9.291666666666668 | 8.88888888888889
constraint: 0.1568956286218191 | 0.11384934632289129
community: 10(219) | 1182(1)

3300 | 5466|0
degree: 42 | 4
eff size: 25.761904761904756 | 3.0
constraint: 0.05304687665928142 | 0.375
community: 10(219) | 10(219)

5441 | 5450|-1
degree: 7 | 1
eff size: 6.571428571428571 | -1
constraint: 0.21552028218694882 | 1.0
community: 29(3) | 645(1)

6679 | 6682|-1
degree: 7 | 6
eff size: 6.714285714285714 | 3.75
constraint: 0.15913058876218164 | 0.2915612526002136
community: 60(1) | 59(3)

3305 | 6675|-1
degree: 9 | 2
eff size: 7.888888888888889 | -1
constraint: 0.13854070434758264 | 0.5
community: 675(4) | 869(1)

6664 | 8265|-1
degree: 20 | 2
eff size: 17.85 | -1
constraint: 0.06513394380459203 | 0.5
community: 865(4) | 1232(1)

293 | 6205|-1
degree: 181 | 9
eff size: 101.00276243093921 | 2.666666666666667
constraint: 0.025814899480044423 | 0.2228997750907878
community: 10(219) | 10(219)

1759 | 2603|0
degree: 23 | 19
eff size: 19.043478260869566 | 12.973684210526317
constraint: 0.07102240188861433 | 0.09391673933954313
community: 10(219) | 10(219)

1257 | 5491|-1
degree: 11 | 6
eff size: 6.863636363636362 | 3.7500000000000004
constraint: 0.1757429996773706 | 0.2580449071080835
community: 10(219) | 10(219)

6453 | 8529|-1
degree: 56 | 2
eff size: 55.48214285714286 | -1
constraint: 0.02465871151865849 | 0.5
community: 17(1) | 210(1)

4200 | 5714|-1
degree: 94 | 3
eff size: 77.81914893617021 | -1
constraint: 0.033705113176041496 | 0.33918270928183936
community: 10(219) | 710(2)

5568 | 8506|0
degree: 29 | 2
eff size: 14.89655172413793 | 1.0
constraint: 0.07113208017794474 | 1.0
community: 1(14) | 1(14)

3550 | 7306|-1
degree: 3 | 2
eff size: 3.0 | -1
constraint: 0.3333333333333333 | 0.5
community: 444(2) | 444(2)

1 | 6352|-1
degree: 228 | 5
eff size: 204.47807017543903 | -1
constraint: 0.026562454270518482 | 0.2235492142356627
community: 10(219) | 2012(1)

4200 | 4208|-1
degree: 94 | 4
eff size: 77.81914893617021 | -1
constraint: 0.033705113176041496 | 0.2622754526651768
community: 10(219) | 1960(1)

1849 | 2856|0
degree: 65 | 25
eff size: 34.138461538461534 | 21.12
constraint: 0.06313920579480818 | 0.06830482141412886
community: 14(34) | 14(34)

2497 | 2525|-1
degree: 166 | 1
eff size: 94.83433734939754 | -1
constraint: 0.02762901014082048 | 1.0
community: 10(219) | 2304(1)

1899 | 2486|0
degree: 5 | 3
eff size: 3.0 | 2.0
constraint: 0.3600000000000001 | 0.5555555555555556
community: 616(6) | 616(6)

2856 | 5482|-1
degree: 25 | 2
eff size: 21.12 | -1
constraint: 0.06830482141412886 | 0.5
community: 14(34) | 1911(1)

3305 | 8304|-1
degree: 9 | 1
eff size: 7.888888888888889 | -1
constraint: 0.13854070434758264 | 1.0
community: 675(4) | 1723(1)

5483 | 8425|-1
degree: 12 | 1
eff size: 12.0 | -1
constraint: 0.08333333333333336 | 1.0
community: 1308(2) | 2184(1)

3304 | 8270|-1
degree: 9 | 1
eff size: 6.777777777777779 | -1
constraint: 0.17144676800761455 | 1.0
community: 10(219) | 801(1)

1755 | 5491|-1
degree: 88 | 6
eff size: 78.82954545454545 | 3.7500000000000004
constraint: 0.019453894384867387 | 0.2580449071080835
community: 10(219) | 10(219)

816 | 3963|0
degree: 18 | 6
eff size: 15.666666666666668 | 3.583333333333333
constraint: 0.08522630184971591 | 0.3358333333333333
community: 425(4) | 110(1)

2118 | 2578|0
degree: 33 | 13
eff size: 17.848484848484848 | 12.0
constraint: 0.062082667301522516 | 0.08875739644970417
community: 184(13) | 484(2)

297 | 668|-1
degree: 43 | 28
eff size: 23.895348837209305 | 15.267857142857142
constraint: 0.04771727138671561 | 0.07548809671657435
community: 10(219) | 10(219)

5445 | 5451|0
degree: 5 | 3
eff size: 3.1999999999999997 | 1.1666666666666667
constraint: 0.4023381204333586 | 0.7279818594104308
community: 29(3) | 29(3)

3256 | 789|-1
degree: 10 | 2
eff size: 6.6000000000000005 | -1
constraint: 0.1753376549586777 | 0.5
community: 616(6) | 85(1)

4200 | 5413|-1
degree: 94 | 112
eff size: 77.81914893617021 | 57.14732142857144
constraint: 0.033705113176041496 | 0.03501787849789816
community: 10(219) | 10(219)

1673 | 1664|-1
degree: 106 | 2
eff size: 62.919811320754704 | 1.25
constraint: 0.030746090737569752 | 0.6991836754875203
community: 10(219) | 1763(1)

1673 | 4136|0
degree: 106 | 5
eff size: 62.919811320754704 | 0.9999999999999998
constraint: 0.030746090737569752 | 0.294887539669998
community: 10(219) | 10(219)

3300 | 5556|-1
degree: 42 | 10
eff size: 25.761904761904756 | 7.250000000000001
constraint: 0.05304687665928142 | 0.1635984367638271
community: 10(219) | 10(219)

2118 | 8377|0
degree: 33 | 2
eff size: 17.848484848484848 | 1.0
constraint: 0.062082667301522516 | 1.0
community: 184(13) | 184(13)

1239 | 8101|-1
degree: 416 | 3
eff size: 380.25600961538566 | 1.5
constraint: 0.021917378751470443 | 0.6191245736768572
community: 10(219) | 705(2)

3265 | 8201|0
degree: 4 | 3
eff size: 3.0 | 2.0
constraint: 0.375 | 0.5555555555555556
community: 823(2) | 823(2)

702 | 3244|-1
degree: 92 | 2
eff size: 75.68478260869567 | -1
constraint: 0.022213603024185874 | 0.5
community: 10(219) | 1986(1)

7018 | 6742|-1
degree: 28 | 7
eff size: 27.946428571428573 | 4.142857142857143
constraint: 0.03656534892868714 | 0.2592668009521564
community: 20(1) | 14(34)

1 | 2685|0
degree: 228 | 49
eff size: 204.47807017543903 | 39.30612244897959
constraint: 0.026562454270518482 | 0.028775775073313883
community: 10(219) | 10(219)

6308 | 7782|0
degree: 4 | 5
eff size: 3.0 | 3.6
constraint: 0.375 | 0.2819829604745387
community: 277(2) | 277(2)

3301 | 6782|-1
degree: 6 | 1
eff size: 5.75 | -1
constraint: 0.18106673241288623 | 1.0
community: 1585(2) | 1585(2)

5568 | 8556|0
degree: 29 | 2
eff size: 14.89655172413793 | 1.0
constraint: 0.07113208017794474 | 1.0
community: 1(14) | 1(14)

2118 | 3316|0
degree: 33 | 13
eff size: 17.848484848484848 | 6.884615384615385
constraint: 0.062082667301522516 | 0.15027570134349785
community: 184(13) | 208(4)

3561 | 3761|-1
degree: 610 | 3
eff size: 563.6614754098368 | -1
constraint: 0.014940101746988666 | 0.33471768114531436
community: 10(219) | 2063(2)

174 | 7343|-1
degree: 74 | 2
eff size: 43.24324324324325 | -1
constraint: 0.04801426121630281 | 0.5151688794260453
community: 10(219) | 1913(1)

4969 | 6078|0
degree: 31 | 5
eff size: 15.56451612903226 | 3.0
constraint: 0.08260748862996788 | 0.29363499276053684
community: 10(219) | 1467(2)

4000 | 7646|-1
degree: 68 | 1
eff size: 55.26470588235293 | -1
constraint: 0.024114426633222732 | 1.0
community: 10(219) | 2051(1)

5778 | 10843|-1
degree: 3 | 2
eff size: 1.8333333333333335 | -1
constraint: 0.4748089481543284 | 0.695180279219531
community: 1693(1) | 1692(1)

3741 | 5710|-1
degree: 10 | 5
eff size: 8.05 | 3.1999999999999997
constraint: 0.22300534744458597 | 0.34290574351984027
community: 201(9) | 201(9)

5683 | 4760|-1
degree: 40 | 3
eff size: 32.9875 | -1
constraint: 0.04390318569440833 | 0.35321678503575804
community: 10(219) | 1594(1)

4003 | 3550|-1
degree: 30 | 3
eff size: 28.700000000000003 | 3.0
constraint: 0.04145382609938909 | 0.3333333333333333
community: 10(219) | 444(2)

114 | 7362|-1
degree: 11 | 2
eff size: 9.136363636363637 | -1
constraint: 0.1516888321739469 | 0.6006463045840602
community: 10(219) | 1493(1)

2118 | 6800|0
degree: 33 | 2
eff size: 17.848484848484848 | 1.0
constraint: 0.062082667301522516 | 1.0
community: 184(13) | 184(13)

6955 | 8142|-1
degree: 10 | 1
eff size: 9.85 | -1
constraint: 0.11252943339100349 | 1.0
community: 2045(3) | 2045(3)

5389 | 8294|0
degree: 6 | 3
eff size: 3.5 | 2.0
constraint: 0.280018530832666 | 0.5555555555555556
community: 10(219) | 10(219)

286 | 5389|-1
degree: 119 | 6
eff size: 64.13445378151258 | 3.5
constraint: 0.034849146365353516 | 0.280018530832666
community: 10(219) | 10(219)

4200 | 6570|-1
degree: 94 | 2
eff size: 77.81914893617021 | -1
constraint: 0.033705113176041496 | 0.5123935029658664
community: 10(219) | 2362(1)

2118 | 3239|0
degree: 33 | 2
eff size: 17.848484848484848 | 1.0
constraint: 0.062082667301522516 | 1.0
community: 184(13) | 184(13)

3847 | 7594|-1
degree: 83 | 9
eff size: 45.45180722891567 | 4.333333333333333
constraint: 0.04606285908386208 | 0.2080480867943935
community: 10(219) | 10(219)

6308 | 5771|-1
degree: 4 | 4
eff size: 3.0 | -1
constraint: 0.375 | 0.2653619590098797
community: 277(2) | 276(1)

1686 | 8292|-1
degree: 2 | 1
eff size: 2.0 | -1
constraint: 0.5 | 1.0
community: 1054(2) | 1054(2)

2033 | 6450|-1
degree: 4 | 2
eff size: 2.625 | 2.0
constraint: 0.4354100040311744 | 0.5
community: 10(219) | 10(219)

815 | 816|0
degree: 5 | 18
eff size: 4.0 | 15.666666666666668
constraint: 0.28 | 0.08522630184971591
community: 425(4) | 425(4)

5378 | 6553|0
degree: 52 | 11
eff size: 27.36538461538461 | 8.227272727272727
constraint: 0.04739748160260191 | 0.12401744497518058
community: 10(219) | 117(2)

2764 | 4854|-1
degree: 12 | 3
eff size: 11.333333333333332 | -1
constraint: 0.13358010994228942 | 0.3583945138432318
community: 1015(2) | 527(1)

4230 | 6543|-1
degree: 13 | 3
eff size: 12.884615384615385 | -1
constraint: 0.07715570733277817 | 0.3333333333333333
community: 227(1) | 1317(2)

1890 | 1888|-1
degree: 15 | 2
eff size: 11.700000000000003 | -1
constraint: 0.11733151629298884 | 0.5
community: 10(219) | 1064(1)

5407 | 6740|-1
degree: 4 | 3
eff size: 4.0 | -1
constraint: 0.25 | 0.3333333333333333
community: 854(2) | 1270(1)

3932 | 4969|0
degree: 13 | 31
eff size: 4.384615384615385 | 15.56451612903226
constraint: 0.1563475567142294 | 0.08260748862996788
community: 10(219) | 10(219)

5539 | 8208|-1
degree: 6 | 2
eff size: 5.416666666666667 | -1
constraint: 0.19269398530762166 | 0.5
community: 1281(2) | 1281(2)

3491 | 6402|0
degree: 51 | 5
eff size: 38.470588235294116 | 4.0
constraint: 0.04089013762624079 | 0.28
community: 10(219) | 1478(2)

2118 | 3389|0
degree: 33 | 3
eff size: 17.848484848484848 | 2.0
constraint: 0.062082667301522516 | 0.5555555555555556
community: 184(13) | 184(13)

286 | 1270|-1
degree: 119 | 6
eff size: 64.13445378151258 | 4.75
constraint: 0.034849146365353516 | 0.18239770944484462
community: 10(219) | 370(2)

2118 | 5592|0
degree: 33 | 2
eff size: 17.848484848484848 | 1.0
constraint: 0.062082667301522516 | 1.0
community: 184(13) | 184(13)

6680 | 1275|-1
degree: 11 | 10
eff size: 8.090909090909092 | 8.7
constraint: 0.18985701167519353 | 0.12057812784504848
community: 10(219) | 10(219)

4969 | 6434|0
degree: 31 | 4
eff size: 15.56451612903226 | 3.0
constraint: 0.08260748862996788 | 0.375
community: 10(219) | 10(219)

3230 | 5446|0
degree: 3 | 3
eff size: 2.0 | 2.0
constraint: 0.5555555555555556 | 0.5555555555555556
community: 28(2) | 28(2)

1103 | 5590|0
degree: 14 | 7
eff size: 9.428571428571429 | 3.714285714285715
constraint: 0.13472648666220344 | 0.2794467402315825
community: 10(219) | 10(219)

6681 | 6683|0
degree: 5 | 10
eff size: 2.2 | 4.4
constraint: 0.4938710743801654 | 0.26456041678379344
community: 10(219) | 10(219)

8309 | 8391|-1
degree: 5 | 3
eff size: 4.7 | -1
constraint: 0.23169292165511451 | 0.45906561413335195
community: 348(2) | 348(2)

2854 | 6903|-1
degree: 13 | 3
eff size: 13.0 | -1
constraint: 0.07692307692307694 | 0.3333333333333333
community: 432(2) | 120(1)

297 | 5646|0
degree: 43 | 63
eff size: 23.895348837209305 | 48.15079365079366
constraint: 0.04771727138671561 | 0.034991771405570714
community: 10(219) | 10(219)

4200 | 6218|-1
degree: 94 | 9
eff size: 77.81914893617021 | 4.555555555555555
constraint: 0.033705113176041496 | 0.1955827808915149
community: 10(219) | 10(219)

2914 | 4436|0
degree: 205 | 20
eff size: 111.02195121951213 | 6.675
constraint: 0.026625592087086227 | 0.10924625066317664
community: 10(219) | 10(219)

5441 | 5449|-1
degree: 7 | 1
eff size: 6.571428571428571 | -1
constraint: 0.21552028218694882 | 1.0
community: 29(3) | 1679(1)

6841 | 3300|-1
degree: 12 | 42
eff size: 9.291666666666668 | 25.761904761904756
constraint: 0.1568956286218191 | 0.05304687665928142
community: 10(219) | 10(219)

1667 | 6805|0
degree: 4 | 7
eff size: 3.0 | 5.5
constraint: 0.375 | 0.20011005228537695
community: 418(3) | 418(3)

114 | 7910|-1
degree: 11 | 1
eff size: 9.136363636363637 | -1
constraint: 0.1516888321739469 | 1.0
community: 10(219) | 2517(1)

3847 | 6123|-1
degree: 83 | 7
eff size: 45.45180722891567 | 2.6428571428571432
constraint: 0.04606285908386208 | 0.26577862359699855
community: 10(219) | 10(219)

3305 | 3256|-1
degree: 9 | 10
eff size: 7.888888888888889 | 6.6000000000000005
constraint: 0.13854070434758264 | 0.1753376549586777
community: 675(4) | 616(6)

1273 | 5549|0
degree: 22 | 5
eff size: 15.954545454545455 | 3.0999999999999996
constraint: 0.08986193657168086 | 0.3126911157024793
community: 14(34) | 14(34)

137 | 3426|0
degree: 9 | 4
eff size: 6.833333333333333 | 3.0
constraint: 0.16970521541950112 | 0.375
community: 31(2) | 31(2)

701 | 6063|-1
degree: 680 | 1
eff size: 642.9308823529419 | -1
constraint: 0.011895372600100844 | 1.0
community: 10(219) | 2144(1)

286 | 6205|0
degree: 119 | 9
eff size: 64.13445378151258 | 2.666666666666667
constraint: 0.034849146365353516 | 0.2228997750907878
community: 10(219) | 10(219)

3847 | 6425|-1
degree: 83 | 1
eff size: 45.45180722891567 | -1
constraint: 0.04606285908386208 | 1.0
community: 10(219) | 870(1)

2118 | 6690|0
degree: 33 | 3
eff size: 17.848484848484848 | 2.0
constraint: 0.062082667301522516 | 0.5555555555555556
community: 184(13) | 184(13)

5519 | 5611|-1
degree: 9 | 3
eff size: 6.055555555555555 | -1
constraint: 0.18665758025730803 | 0.3613894181643851
community: 14(34) | 2227(1)

4761 | 4855|-1
degree: 6 | 1
eff size: 6.0 | -1
constraint: 0.16666666666666669 | 1.0
community: 600(1) | 1708(1)

5441 | 5447|-1
degree: 7 | 1
eff size: 6.571428571428571 | -1
constraint: 0.21552028218694882 | 1.0
community: 29(3) | 1227(1)

3245 | 5421|0
degree: 3 | 2
eff size: 2.0 | 1.0
constraint: 0.5555555555555556 | 1.0
community: 70(2) | 70(2)

6905 | 5623|-1
degree: 3 | 6
eff size: 3.0 | 5.75
constraint: 0.3333333333333333 | 0.17718962585034015
community: 10(219) | 18(1)

3343 | 3389|-1
degree: 16 | 3
eff size: 14.75 | 2.0
constraint: 0.0804673495459133 | 0.5555555555555556
community: 2(2) | 184(13)

3301 | 2865|-1
degree: 6 | 1
eff size: 5.75 | -1
constraint: 0.18106673241288623 | 1.0
community: 1585(2) | 468(1)

7271 | 7272|-1
degree: 4 | 1
eff size: 4.0 | -1
constraint: 0.25 | 1.0
community: 811(2) | 811(2)

2118 | 8498|0
degree: 33 | 4
eff size: 17.848484848484848 | 2.375
constraint: 0.062082667301522516 | 0.4113547087031936
community: 184(13) | 184(13)

5441 | 5445|-1
degree: 7 | 5
eff size: 6.571428571428571 | 3.1999999999999997
constraint: 0.21552028218694882 | 0.4023381204333586
community: 29(3) | 29(3)

1239 | 6095|-1
degree: 416 | 4
eff size: 380.25600961538566 | 2.5
constraint: 0.021917378751470443 | 0.25276714690339674
community: 10(219) | 149(2)

2856 | 5400|-1
degree: 25 | 26
eff size: 21.12 | 21.307692307692303
constraint: 0.06830482141412886 | 0.05737817531903982
community: 14(34) | 10(219)

4200 | 5486|-1
degree: 94 | 2
eff size: 77.81914893617021 | -1
constraint: 0.033705113176041496 | 0.512224222119013
community: 10(219) | 2182(1)

1241 | 6867|-1
degree: 9 | 2
eff size: 9.0 | -1
constraint: 0.1111111111111111 | 0.5
community: 507(4) | 59(3)

4200 | 5101|-1
degree: 94 | 2
eff size: 77.81914893617021 | -1
constraint: 0.033705113176041496 | 0.512224222119013
community: 10(219) | 2088(1)

6320 | 3344|-1
degree: 6 | 9
eff size: 4.5 | 6.555555555555555
constraint: 0.2313950400703609 | 0.16614443064585513
community: 16(3) | 14(34)

6371 | 6487|-1
degree: 7 | 2
eff size: 5.714285714285715 | -1
constraint: 0.1846713650709398 | 0.5
community: 416(2) | 322(1)

6680 | 2602|-1
degree: 11 | 2
eff size: 8.090909090909092 | -1
constraint: 0.18985701167519353 | 0.5
community: 10(219) | 513(1)

1 | 1842|-1
degree: 228 | 2
eff size: 204.47807017543903 | -1
constraint: 0.026562454270518482 | 0.5
community: 10(219) | 2271(1)

3308 | 6865|-1
degree: 5 | 1
eff size: 4.699999999999999 | -1
constraint: 0.22073609467455627 | 1.0
community: 10(219) | 64(1)

3300 | 8296|0
degree: 42 | 4
eff size: 25.761904761904756 | 1.5
constraint: 0.05304687665928142 | 0.5554492630385487
community: 10(219) | 10(219)

6905 | 3333|-1
degree: 3 | 15
eff size: 3.0 | 7.533333333333333
constraint: 0.3333333333333333 | 0.14077667554929124
community: 10(219) | 10(219)

6955 | 7106|-1
degree: 10 | 3
eff size: 9.85 | -1
constraint: 0.11252943339100349 | 0.3457016241079367
community: 2045(3) | 1883(1)

17 | 1323|0
degree: 3 | 18
eff size: 2.0 | 8.88888888888889
constraint: 0.5555555555555556 | 0.11478546894294983
community: 205(6) | 205(6)

3847 | 4540|-1
degree: 83 | 11
eff size: 45.45180722891567 | 2.3181818181818183
constraint: 0.04606285908386208 | 0.1598255284366675
community: 10(219) | 10(219)

701 | 10548|-1
degree: 680 | 1
eff size: 642.9308823529419 | -1
constraint: 0.011895372600100844 | 1.0
community: 10(219) | 1541(1)

1673 | 1683|-1
degree: 106 | 1
eff size: 62.919811320754704 | -1
constraint: 0.030746090737569752 | 1.0
community: 10(219) | 795(1)

2118 | 8350|0
degree: 33 | 3
eff size: 17.848484848484848 | 1.1666666666666667
constraint: 0.062082667301522516 | 0.6201861488056775
community: 184(13) | 184(13)

6525 | 7875|-1
degree: 3 | 2
eff size: 2.3333333333333335 | -1
constraint: 0.33594575665135307 | 0.5
community: 467(2) | 467(2)

4200 | 7078|-1
degree: 94 | 3
eff size: 77.81914893617021 | -1
constraint: 0.033705113176041496 | 0.34638097707038423
community: 10(219) | 244(1)

3561 | 5784|-1
degree: 610 | 1
eff size: 563.6614754098368 | -1
constraint: 0.014940101746988666 | 1.0
community: 10(219) | 2501(1)

7018 | 5623|-1
degree: 28 | 6
eff size: 27.946428571428573 | 5.75
constraint: 0.03656534892868714 | 0.17718962585034015
community: 20(1) | 18(1)

3905 | 6332|0
degree: 3 | 16
eff size: 2.0 | 14.0
constraint: 0.5555555555555556 | 0.078125
community: 174(4) | 174(4)

1327 | 1673|0
degree: 12 | 106
eff size: 11.0 | 62.919811320754704
constraint: 0.09722222222222224 | 0.030746090737569752
community: 1168(1) | 10(219)

702 | 3286|-1
degree: 92 | 8
eff size: 75.68478260869567 | 5.1875
constraint: 0.022213603024185874 | 0.19671541311960816
community: 10(219) | 14(34)

3304 | 6841|0
degree: 9 | 12
eff size: 6.777777777777779 | 9.291666666666668
constraint: 0.17144676800761455 | 0.1568956286218191
community: 10(219) | 10(219)

1324 | 6805|-1
degree: 8 | 7
eff size: 8.0 | 5.5
constraint: 0.125 | 0.20011005228537695
community: 1338(2) | 418(3)

1321 | 3758|-1
degree: 6 | 6
eff size: 6.0 | 6.0
constraint: 0.16666666666666669 | 0.16666666666666669
community: 1854(2) | 371(1)

3301 | 5381|-1
degree: 6 | 1
eff size: 5.75 | -1
constraint: 0.18106673241288623 | 1.0
community: 1585(2) | 2445(1)

2548 | 10699|-1
degree: 138 | 2
eff size: 117.81159420289859 | -1
constraint: 0.025635911644529857 | 0.5089409185003952
community: 10(219) | 1365(1)

3257 | 6805|-1
degree: 44 | 7
eff size: 33.375 | 5.5
constraint: 0.040938000924378305 | 0.20011005228537695
community: 10(219) | 418(3)

1198 | 3300|0
degree: 6 | 42
eff size: 3.0 | 25.761904761904756
constraint: 0.3333333333333333 | 0.05304687665928142
community: 10(219) | 10(219)

3847 | 5646|0
degree: 83 | 63
eff size: 45.45180722891567 | 48.15079365079366
constraint: 0.04606285908386208 | 0.034991771405570714
community: 10(219) | 10(219)

6401 | 10264|-1
degree: 2 | 2
eff size: 2.0 | -1
constraint: 0.5 | 0.5
community: 1633(2) | 1633(2)

6680 | 6683|0
degree: 11 | 10
eff size: 8.090909090909092 | 4.4
constraint: 0.18985701167519353 | 0.26456041678379344
community: 10(219) | 10(219)

4200 | 5696|-1
degree: 94 | 65
eff size: 77.81914893617021 | 51.48461538461538
constraint: 0.033705113176041496 | 0.03052911159663617
community: 10(219) | 10(219)

8138 | 6955|-1
degree: 2 | 10
eff size: 1.25 | 9.85
constraint: 0.5532358347750865 | 0.11252943339100349
community: 2045(3) | 2045(3)

3308 | 3307|-1
degree: 5 | 5
eff size: 4.699999999999999 | 4.4
constraint: 0.22073609467455627 | 0.24098330046022354
community: 10(219) | 1071(2)

760 | 2494|0
degree: 3 | 2
eff size: 2.0 | 1.0
constraint: 0.5555555555555556 | 1.0
community: 1846(2) | 1846(2)

6799 | 8396|0
degree: 7 | 3
eff size: 5.0 | 2.0
constraint: 0.22448979591836732 | 0.5555555555555556
community: 507(4) | 507(4)

8397 | 8489|-1
degree: 3 | 1
eff size: 3.0 | -1
constraint: 0.3333333333333333 | 1.0
community: 403(2) | 403(2)

2551 | 5632|0
degree: 33 | 14
eff size: 16.439393939393938 | 10.42857142857143
constraint: 0.0728491047811342 | 0.11768380946286781
community: 10(219) | 10(219)

4200 | 4787|-1
degree: 94 | 2
eff size: 77.81914893617021 | -1
constraint: 0.033705113176041496 | 0.5123935029658664
community: 10(219) | 789(1)

1331 | 6993|0
degree: 5 | 10
eff size: 4.0 | 6.9
constraint: 0.28 | 0.16131298442199896
community: 1619(1) | 472(2)

1280 | 3847|0
degree: 23 | 83
eff size: 11.347826086956523 | 45.45180722891567
constraint: 0.09234361931555386 | 0.04606285908386208
community: 10(219) | 10(219)

3505 | 10515|-1
degree: 3 | 2
eff size: 2.3333333333333335 | -1
constraint: 0.3426320094775077 | 0.5
community: 903(1) | 902(1)

6660 | 7922|0
degree: 16 | 15
eff size: 5.21875 | 7.566666666666666
constraint: 0.15132347766061635 | 0.13650979295563284
community: 10(219) | 10(219)

3301 | 5569|-1
degree: 6 | 1
eff size: 5.75 | -1
constraint: 0.18106673241288623 | 1.0
community: 1585(2) | 575(1)

1239 | 6993|0
degree: 416 | 10
eff size: 380.25600961538566 | 6.9
constraint: 0.021917378751470443 | 0.16131298442199896
community: 10(219) | 472(2)

3305 | 5594|-1
degree: 9 | 3
eff size: 7.888888888888889 | 3.0
constraint: 0.13854070434758264 | 0.3333333333333333
community: 675(4) | 675(4)

2548 | 1225|-1
degree: 138 | 19
eff size: 117.81159420289859 | 15.000000000000002
constraint: 0.025635911644529857 | 0.09524280618784114
community: 10(219) | 10(219)

2603 | 5377|0
degree: 19 | 16
eff size: 12.973684210526317 | 13.8125
constraint: 0.09391673933954313 | 0.08028438700292981
community: 10(219) | 10(219)

174 | 5696|0
degree: 74 | 65
eff size: 43.24324324324325 | 51.48461538461538
constraint: 0.04801426121630281 | 0.03052911159663617
community: 10(219) | 10(219)

3300 | 5491|-1
degree: 42 | 6
eff size: 25.761904761904756 | 3.7500000000000004
constraint: 0.05304687665928142 | 0.2580449071080835
community: 10(219) | 10(219)

1 | 144|-1
degree: 228 | 2
eff size: 204.47807017543903 | -1
constraint: 0.026562454270518482 | 0.5058779524655443
community: 10(219) | 2581(1)

1673 | 4540|0
degree: 106 | 11
eff size: 62.919811320754704 | 2.3181818181818183
constraint: 0.030746090737569752 | 0.1598255284366675
community: 10(219) | 10(219)

5409 | 8578|0
degree: 5 | 6
eff size: 4.0 | 2.3333333333333335
constraint: 0.28 | 0.3460471911753963
community: 586(1) | 14(34)

2548 | 6765|-1
degree: 138 | 19
eff size: 117.81159420289859 | 16.63157894736842
constraint: 0.025635911644529857 | 0.07006990663621276
community: 10(219) | 14(34)

5568 | 8475|0
degree: 29 | 2
eff size: 14.89655172413793 | 1.0
constraint: 0.07113208017794474 | 1.0
community: 1(14) | 1(14)

8359 | 8498|-1
degree: 4 | 4
eff size: 4.0 | 2.375
constraint: 0.25 | 0.4113547087031936
community: 24(1) | 184(13)

703 | 4614|-1
degree: 12 | 2
eff size: 10.5 | -1
constraint: 0.10445505981618768 | 0.5
community: 528(1) | 1309(1)

5673 | 5672|-1
degree: 8 | 7
eff size: 8.0 | 6.0
constraint: 0.125 | 0.18367346938775508
community: 1509(4) | 557(1)

3343 | 6820|0
degree: 16 | 3
eff size: 14.75 | 2.0
constraint: 0.0804673495459133 | 0.5555555555555556
community: 2(2) | 2(2)

3300 | 1136|-1
degree: 42 | 9
eff size: 25.761904761904756 | 8.88888888888889
constraint: 0.05304687665928142 | 0.11384934632289129
community: 10(219) | 1182(1)

1323 | 8041|0
degree: 18 | 4
eff size: 8.88888888888889 | 3.0
constraint: 0.11478546894294983 | 0.375
community: 205(6) | 1805(1)

4200 | 8100|-1
degree: 94 | 2
eff size: 77.81914893617021 | -1
constraint: 0.033705113176041496 | 0.5
community: 10(219) | 347(2)

