2490| 1|-1
7713| 1|-1
10742| 1|-1
10853| 2|-1
10763| 2|-1
10873| 2|-1
3916| 1|-1
10831| 1|-1
8613| 2|-1
8459| 1|-1
5605| 1|-1
3828| 1|-1
10575| 1|-1
10906| 2|2.0
10379| 2|-1
10595| 1|-1
10799| 1|-1
1120| 1|-1
8254| 1|-1
10461| 2|-1
1832| 2|-1
10859| 1|-1
7826| 1|-1
10765| 2|-1
5493| 2|-1
8635| 2|-1
7146| 1|-1
7390| 1|-1
4714| 1|-1
10882| 1|-1
10768| 2|-1
8605| 1|-1
3936| 1|-1
4152| 1|-1
7721| 2|-1
8618| 1|-1
7667| 1|-1
8109| 1|-1
10750| 1|-1
7534| 1|-1
10530| 2|2.0
7696| 1|-1
10920| 1|-1
10810| 2|-1
10647| 1|-1
1804| 4|2.0
7472| 1|-1
5957| 1|-1
10916| 2|-1
10935| 1|-1
7626| 1|-1
29| 1|-1
10801| 2|-1
10635| 1|-1
8581| 2|-1
10649| 1|-1
8123| 1|-1
676| 1|-1
8530| 1|-1
8437| 1|-1
10493| 2|-1
4569| 1|-1
10832| 2|-1
10700| 1|-1
10861| 1|-1
4500| 1|-1
10846| 1|-1
4997| 1|-1
10329| 1|-1
3935| 1|-1
8261| 1|-1
6479| 2|-1
2830| 1|-1
10797| 3|2.0
7727| 1|-1
10884| 2|-1
7957| 1|-1
3553| 1|-1
10796| 2|-1
10858| 1|-1
8550| 2|2.0
6221| 2|2.0
8076| 1|-1
2878| 1|-1
10783| 1|-1
10891| 1|-1
8441| 3|-1
1503| 1|-1
5386| 1|-1
10932| 2|1.0
10904| 1|-1
10800| 2|-1
6700| 1|-1
10903| 1|-1
1874| 1|-1
10826| 1|-1
10775| 2|-1
8607| 2|-1
1351| 1|-1
8544| 1|-1
7056| 2|2.0
10773| 1|-1
5716| 1|-1
6828| 1|-1
2| 2|-1
8404| 1|-1
18| 3|2.0
8606| 1|-1
7819| 1|-1
10868| 1|-1
8534| 1|-1
10464| 2|-1
10569| 2|-1
7708| 1|-1
8526| 1|-1
8560| 1|-1
8617| 1|-1
6340| 1|-1
10695| 1|-1
2749| 1|-1
10794| 1|-1
8486| 2|1.0
6837| 2|1.0
10721| 2|-1
2897| 1|-1
10538| 1|-1
10803| 1|-1
3681| 1|-1
8202| 1|-1
3272| 1|-1
10807| 1|-1
10627| 1|-1
7718| 1|-1
10840| 2|-1
7663| 1|-1
8386| 1|-1
7799| 1|-1
8539| 2|-1
10830| 1|-1
8244| 1|-1
4943| 1|-1
8203| 1|-1
4307| 2|-1
10779| 2|-1
10847| 2|-1
8563| 2|1.25
10855| 2|-1
10690| 1|-1
5086| 1|-1
8615| 2|2.0
10719| 1|-1
8582| 1|-1
5642| 1|-1
4782| 2|1.0
8488| 1|-1
8493| 2|-1
7880| 1|-1
10386| 1|-1
8543| 1|-1
8095| 1|-1
8611| 1|-1
5295| 1|-1
8360| 1|-1
7607| 2|-1
