8208| 2|-1
6948| 1|-1
10548| 1|-1
6205| 9|2.666666666666667
5106| 1|-1
6676| 1|-1
163| 1|-1
7655| 3|3.0
1679| 1|-1
7620| 1|-1
4489| 1|-1
7427| 1|-1
6841| 12|9.291666666666668
8152| 1|-1
5586| 1|-1
1683| 1|-1
1238| 1|-1
6750| 1|-1
10663| 2|-1
8489| 1|-1
5421| 2|1.0
6063| 1|-1
10599| 1|-1
7910| 1|-1
6450| 2|2.0
6955| 10|9.85
2792| 1|-1
8443| 1|-1
5221| 1|-1
5784| 1|-1
4646| 1|-1
7646| 1|-1
4622| 1|-1
3134| 1|-1
3996| 1|-1
3782| 1|-1
7272| 1|-1
8292| 1|-1
5731| 1|-1
4855| 1|-1
8273| 1|-1
4757| 1|-1
3542| 1|-1
10322| 1|-1
7306| 2|-1
4800| 1|-1
8215| 1|-1
5423| 1|-1
4211| 3|2.0
