167| 1|-1
722| 1|-1
11304| 1|-1
3726| 1|-1
7597| 1|-1
10926| 2|-1
8916| 1|-1
7774| 1|-1
11427| 1|-1
1451| 1|-1
8921| 1|-1
222| 2|1.0
1480| 1|-1
8707| 1|-1
10455| 2|-1
8874| 1|-1
10638| 1|-1
8833| 2|-1
11446| 1|-1
467| 1|-1
9339| 1|-1
8706| 1|-1
8668| 2|-1
11450| 1|-1
11404| 2|-1
11225| 1|-1
7599| 1|-1
8894| 1|-1
11412| 2|-1
8674| 1|-1
7677| 1|-1
10990| 1|-1
255| 1|-1
5191| 1|-1
1452| 1|-1
1476| 1|-1
11395| 1|-1
3209| 2|2.0
9877| 1|-1
1455| 1|-1
8897| 2|-1
765| 1|-1
9317| 1|-1
8947| 1|-1
11242| 1|-1
11212| 1|-1
5962| 1|-1
1249| 2|-1
11340| 1|-1
8742| 1|-1
767| 1|-1
11413| 2|-1
8902| 2|-1
1513| 1|-1
8892| 1|-1
5293| 1|-1
1489| 1|-1
1484| 1|-1
637| 1|-1
8915| 1|-1
11286| 1|-1
1727| 1|-1
7745| 1|-1
1500| 1|-1
8777| 1|-1
8875| 1|-1
11411| 1|-1
2712| 1|-1
8824| 1|-1
1494| 1|-1
8762| 1|-1
8891| 3|2.0
7568| 2|-1
11379| 1|-1
11428| 1|-1
11398| 2|2.0
1317| 1|-1
11183| 2|-1
4977| 1|-1
1498| 1|-1
497| 1|-1
785| 1|-1
1459| 1|-1
1477| 1|-1
6000| 1|-1
8480| 1|-1
11284| 1|-1
11370| 1|-1
8944| 1|-1
8924| 1|-1
11368| 2|-1
9343| 1|-1
1466| 1|-1
4462| 1|-1
440| 1|-1
9324| 2|-1
11237| 1|-1
1483| 1|-1
7968| 1|-1
5954| 1|-1
11387| 1|-1
172| 1|-1
9342| 1|-1
8950| 1|-1
11355| 1|-1
2745| 1|-1
11443| 2|-1
11147| 1|-1
10372| 1|-1
395| 1|-1
11473| 2|-1
8926| 2|2.0
5181| 1|-1
1470| 1|-1
7011| 1|-1
3267| 9|8.333333333333332
11268| 1|-1
813| 2|-1
8608| 1|-1
8901| 2|1.0
10244| 2|-1
3964| 2|1.0
1499| 1|-1
11313| 1|-1
1458| 1|-1
1460| 1|-1
10970| 2|-1
2046| 1|-1
4120| 1|-1
5555| 1|-1
8849| 1|-1
7715| 1|-1
999| 1|-1
11269| 1|-1
3475| 1|-1
11354| 3|-1
1464| 1|-1
10856| 1|-1
4123| 1|-1
1904| 1|-1
1462| 1|-1
8338| 2|-1
8913| 1|-1
11292| 2|-1
7005| 1|-1
1983| 1|-1
8885| 1|-1
11394| 1|-1
1533| 1|-1
1545| 1|-1
8739| 1|-1
8898| 1|-1
7662| 1|-1
398| 1|-1
424| 1|-1
6712| 1|-1
8678| 1|-1
11146| 1|-1
1485| 1|-1
11369| 2|-1
11127| 1|-1
11391| 1|-1
8920| 1|-1
6218| 5|1.6999999999999997
11179| 1|-1
1465| 1|-1
7565| 1|-1
1914| 1|-1
9312| 2|-1
8931| 1|-1
227| 1|-1
390| 1|-1
7432| 1|-1
11372| 2|-1
11448| 1|-1
10983| 1|-1
4464| 1|-1
1472| 1|-1
8591| 1|-1
6340| 1|-1
11397| 2|-1
385| 2|1.0
8917| 1|-1
1527| 1|-1
11418| 2|-1
7611| 1|-1
419| 1|-1
4961| 1|-1
1518| 1|-1
511| 1|-1
220| 1|-1
295| 1|-1
8784| 2|-1
1463| 1|-1
11084| 1|-1
8827| 1|-1
8940| 2|-1
11401| 2|-1
11389| 2|-1
8596| 1|-1
7647| 3|1.1666666666666667
8848| 1|-1
11403| 2|-1
3142| 1|-1
11440| 1|-1
6972| 1|-1
8853| 1|-1
1509| 1|-1
8230| 1|-1
1505| 1|-1
9326| 1|-1
9345| 1|-1
11362| 1|-1
4770| 1|-1
11353| 1|-1
8682| 2|-1
8831| 2|2.0
380| 1|-1
1468| 1|-1
10429| 1|-1
1474| 1|-1
1699| 2|2.0
6118| 1|-1
412| 1|-1
346| 1|-1
1521| 1|-1
11462| 1|-1
1510| 1|-1
1531| 1|-1
8867| 2|1.0
11402| 2|-1
8955| 2|-1
11434| 1|-1
8881| 1|-1
8948| 1|-1
7355| 1|-1
5958| 1|-1
1471| 1|-1
10669| 3|-1
5585| 4|2.375
272| 1|-1
11199| 2|-1
8753| 1|-1
11359| 2|-1
11251| 1|-1
797| 1|-1
1000| 1|-1
