7033| 1|-1
11115| 1|-1
3868| 1|-1
3893| 1|-1
4968| 3|-1
3866| 1|-1
10555| 1|-1
8178| 1|-1
7003| 1|-1
8407| 1|-1
3871| 1|-1
1565| 1|-1
7826| 1|-1
5722| 1|-1
146| 1|-1
3881| 1|-1
3882| 1|-1
1661| 1|-1
8487| 1|-1
5248| 1|-1
3873| 1|-1
817| 4|3.5
7706| 5|4.0
11067| 1|-1
3393| 2|-1
7287| 1|-1
8759| 1|-1
8829| 1|-1
3870| 1|-1
8083| 1|-1
3879| 1|-1
4354| 3|3.0
3727| 5|4.6
4861| 2|2.0
6077| 3|-1
3884| 1|-1
8738| 2|1.0
4652| 4|4.0
3963| 3|2.3333333333333335
2865| 2|1.0
3880| 1|-1
10783| 1|-1
6604| 1|-1
1568| 1|-1
5836| 1|-1
3863| 1|-1
3865| 1|-1
6476| 1|-1
3875| 1|-1
4568| 1|-1
1957| 1|-1
3861| 1|-1
689| 1|-1
6618| 1|-1
6984| 3|3.0
3876| 1|-1
10485| 1|-1
10701| 1|-1
1570| 1|-1
1908| 1|-1
5105| 1|-1
2163| 1|-1
3962| 2|2.0
7353| 1|-1
7286| 3|2.0
3867| 1|-1
6097| 1|-1
3869| 1|-1
2019| 1|-1
3874| 1|-1
7596| 3|2.0
6460| 1|-1
6831| 1|-1
3877| 1|-1
3883| 1|-1
7873| 1|-1
10844| 1|-1
3859| 1|-1
4377| 1|-1
