3868| 1|-1
6425| 1|-1
10414| 2|-1
3866| 1|-1
8951| 1|-1
10385| 1|-1
3871| 1|-1
3873| 1|-1
1482| 1|-1
7043| 1|-1
3894| 1|-1
3492| 1|-1
2653| 1|-1
10303| 19|7.026315789473685
10777| 1|-1
29| 2|1.0
3886| 1|-1
4535| 2|-1
4| 1|-1
6527| 2|-1
3870| 1|-1
4608| 3|1.0
6492| 1|-1
1941| 1|-1
3892| 1|-1
7291| 1|-1
5671| 4|2.0
1732| 1|-1
3884| 1|-1
5731| 1|-1
5794| 1|-1
8286| 1|-1
3903| 1|-1
7829| 2|-1
2128| 1|-1
8347| 1|-1
10793| 1|-1
813| 2|-1
8642| 2|1.0
6810| 2|1.0
7294| 1|-1
454| 1|-1
11498| 1|-1
3964| 2|1.25
7010| 1|-1
6947| 1|-1
3863| 1|-1
3865| 1|-1
6174| 1|-1
7338| 1|-1
6411| 1|-1
3861| 1|-1
851| 2|2.0
1465| 1|-1
10380| 1|-1
7188| 2|2.0
227| 1|-1
4619| 1|-1
4205| 5|4.0
7061| 2|2.0
8213| 2|1.0
7658| 1|-1
2629| 1|-1
47| 1|-1
7943| 1|-1
7292| 1|-1
11374| 1|-1
7911| 6|3.0
1518| 1|-1
6792| 3|1.0
6972| 1|-1
9387| 1|-1
8423| 3|1.0
3856| 3|2.0
3867| 1|-1
6358| 1|-1
3869| 1|-1
3874| 1|-1
1690| 1|-1
5958| 1|-1
3883| 1|-1
3859| 1|-1
