11575| 1|-1
11551| 2|-1
8993| 1|-1
7774| 1|-1
6205| 2|-1
11277| 2|-1
8549| 1|-1
11241| 1|-1
11487| 2|-1
11139| 2|2.0
11548| 1|-1
11633| 2|-1
8887| 2|-1
7743| 2|-1
10452| 2|-1
4294| 1|-1
9410| 2|1.0
8895| 1|-1
6058| 1|-1
11289| 2|2.0
10992| 1|-1
8927| 2|-1
252| 3|2.0
11058| 2|2.0
4743| 1|-1
9408| 2|-1
8939| 2|-1
3706| 2|2.0
5961| 1|-1
9008| 1|-1
4658| 2|-1
11470| 1|-1
10439| 2|-1
8958| 2|1.0
11485| 3|-1
10620| 1|-1
11156| 1|-1
11399| 2|-1
3623| 1|-1
11603| 2|-1
8956| 1|-1
11312| 1|-1
8721| 2|-1
11605| 1|-1
20002| 1|-1
11513| 2|-1
7199| 1|-1
11212| 1|-1
11356| 1|-1
1513| 1|-1
9270| 1|-1
10447| 2|-1
10715| 1|-1
11519| 1|-1
10705| 2|-1
5489| 1|-1
11563| 3|3.0
8555| 1|-1
7802| 1|-1
9023| 2|-1
7086| 1|-1
11067| 2|-1
2496| 1|-1
10501| 1|-1
11578| 2|-1
11483| 1|-1
11107| 1|-1
8988| 1|-1
11550| 1|-1
8990| 2|2.0
20001| 1|-1
11626| 2|-1
10663| 2|-1
75| 1|-1
4960| 1|-1
1959| 1|-1
11569| 3|2.0
638| 1|-1
11542| 1|-1
11598| 1|-1
7691| 1|-1
4939| 1|-1
11540| 2|-1
11619| 1|-1
7695| 1|-1
11364| 1|-1
11562| 2|-1
8968| 2|-1
11192| 1|-1
11533| 2|-1
11429| 1|-1
11501| 1|-1
9265| 1|-1
9416| 1|-1
8738| 2|1.0
11439| 2|-1
8909| 1|-1
11469| 1|-1
781| 1|-1
9411| 1|-1
11511| 1|-1
11018| 1|-1
5546| 1|-1
11565| 2|-1
11454| 2|-1
690| 1|-1
2746| 1|-1
11539| 1|-1
9295| 2|-1
11410| 1|-1
6842| 1|-1
8393| 1|-1
11106| 2|-1
6988| 2|-1
7660| 3|2.5
11151| 2|-1
5972| 1|-1
11554| 2|-1
11590| 2|-1
8908| 1|-1
11613| 1|-1
4553| 3|1.5
3569| 1|-1
11584| 1|-1
8678| 1|-1
11645| 2|1.0
9037| 1|-1
11587| 2|-1
11071| 2|-1
11396| 1|-1
11561| 2|-1
10701| 1|-1
4581| 2|-1
11468| 2|-1
11492| 2|-1
11610| 2|-1
9418| 1|-1
11484| 2|-1
11545| 1|-1
11606| 1|-1
11049| 1|-1
11586| 1|-1
7583| 1|-1
11073| 2|-1
8966| 2|2.0
11589| 2|-1
6360| 1|-1
8724| 1|-1
2701| 1|-1
8744| 1|-1
11600| 1|-1
8288| 4|2.375
8189| 1|-1
9396| 2|1.0
8925| 2|-1
10733| 2|-1
11419| 1|-1
11601| 2|-1
11458| 1|-1
1590| 1|-1
9022| 1|-1
11572| 2|-1
1207| 1|-1
8632| 1|-1
8807| 1|-1
8615| 2|1.0
11577| 1|-1
11596| 2|-1
8919| 2|2.0
11621| 1|-1
8755| 1|-1
488| 1|-1
11543| 1|-1
11371| 1|-1
11574| 1|-1
11595| 1|-1
8436| 1|-1
