6685 | 8602|-1
degree: 9 | 2
eff size: 8.833333333333334 | -1
constraint: 0.1189216614553515 | 0.5
community: 5(285) | 5(285)

1717 | 1716|-1
degree: 25 | 1
eff size: 24.0 | -1
constraint: 0.04319999999999999 | 1.0
community: 11(110) | 11(110)

6308 | 5771|-1
degree: 5 | 4
eff size: 5.0 | -1
constraint: 0.20000000000000004 | 0.2603903125649073
community: 2(481) | 2(481)

4200 | 10601|-1
degree: 96 | 2
eff size: 76.41666666666669 | -1
constraint: 0.03376486542764864 | 0.5
community: 1(576) | 3(388)

8584 | 8715|-1
degree: 7 | 2
eff size: 7.0 | -1
constraint: 0.14285714285714285 | 0.5
community: 5(285) | 5(285)

8070 | 8071|-1
degree: 6 | 2
eff size: 3.25 | -1
constraint: 0.2329698488718541 | 0.5
community: 2(481) | 2(481)

1239 | 11059|-1
degree: 457 | 2
eff size: 420.13129102844607 | -1
constraint: 0.02315574985880199 | 0.503719685965333
community: 2(481) | 2(481)

3951 | 3384|-1
degree: 37 | 19
eff size: 23.432432432432435 | 16.868421052631582
constraint: 0.0487580503315686 | 0.07214764800925422
community: 20(36) | 20(36)

6235 | 8088|-1
degree: 14 | 2
eff size: 13.321428571428571 | -1
constraint: 0.09253830310141271 | 0.5376255235702194
community: 1(576) | 1(576)

2118 | 8504|-1
degree: 29 | 2
eff size: 26.620689655172413 | -1
constraint: 0.0477986890554325 | 0.5
community: 9(136) | 9(136)

1849 | 8718|-1
degree: 68 | 2
eff size: 37.5220588235294 | -1
constraint: 0.054177470054706335 | 0.5624428064857444
community: 5(285) | 5(285)

1273 | 5409|0
degree: 21 | 20
eff size: 16.642857142857142 | 9.75
constraint: 0.07272806488898986 | 0.1009201382362806
community: 5(285) | 3(388)

4805 | 4634|-1
degree: 6 | 2
eff size: 6.0 | -1
constraint: 0.16666666666666669 | 0.5
community: 6(213) | 6(213)

3847 | 5696|0
degree: 96 | 71
eff size: 52.35937499999999 | 56.84507042253522
constraint: 0.04001790201616521 | 0.028239761504462172
community: 3(388) | 16(69)

6680 | 6683|-1
degree: 12 | 8
eff size: 9.333333333333332 | 4.0625
constraint: 0.14509236622889896 | 0.26011278655586295
community: 11(110) | 11(110)

2578 | 8629|-1
degree: 15 | 1
eff size: 14.866666666666667 | -1
constraint: 0.06828575077889144 | 1.0
community: 9(136) | 9(136)

1717 | 1722|-1
degree: 25 | 1
eff size: 24.0 | -1
constraint: 0.04319999999999999 | 1.0
community: 11(110) | 11(110)

3352 | 6752|-1
degree: 13 | 3
eff size: 12.846153846153847 | -1
constraint: 0.08366206443129522 | 0.3912082694133976
community: 4(290) | 4(290)

1 | 10946|-1
degree: 214 | 1
eff size: 194.78971962616822 | -1
constraint: 0.02730875226271928 | 1.0
community: 1(576) | 1(576)

10530 | 10417|-1
degree: 7 | 3
eff size: 7.0 | -1
constraint: 0.14285714285714285 | 0.3333333333333333
community: 7(149) | 7(149)

174 | 4694|0
degree: 80 | 22
eff size: 47.10000000000001 | 14.409090909090907
constraint: 0.04121740497988625 | 0.12996597802413737
community: 14(73) | 10(120)

8297 | 3328|-1
degree: 8 | 8
eff size: 5.5 | 5.375
constraint: 0.2517457561728395 | 0.20899945166655987
community: 5(285) | 5(285)

2493 | 7992|-1
degree: 20 | 3
eff size: 19.85 | -1
constraint: 0.05021917069510422 | 0.3333333333333333
community: 12(89) | 12(89)

3847 | 10985|-1
degree: 96 | 2
eff size: 52.35937499999999 | -1
constraint: 0.04001790201616521 | 0.5
community: 3(388) | 3(388)

6509 | 10972|-1
degree: 10 | 3
eff size: 9.0 | 2.3333333333333335
constraint: 0.12000000000000005 | 0.6697530864197532
community: 12(89) | 12(89)

4495 | 8329|-1
degree: 15 | 2
eff size: 14.666666666666668 | -1
constraint: 0.07919307798512375 | 0.5
community: 4(290) | 4(290)

5556 | 2874|-1
degree: 16 | 9
eff size: 9.90625 | 6.611111111111111
constraint: 0.13446597213229217 | 0.1626798010707447
community: 4(290) | 5(285)

1 | 6566|-1
degree: 214 | 4
eff size: 194.78971962616822 | -1
constraint: 0.02730875226271928 | 0.2572963503854848
community: 1(576) | 1(576)

701 | 3720|-1
degree: 787 | 13
eff size: 749.9027954256691 | 5.5
constraint: 0.012079179134080941 | 0.13987943850789503
community: 1(576) | 3(388)

8220 | 7363|-1
degree: 6 | 2
eff size: 4.75 | -1
constraint: 0.25757217102217733 | 0.5959273169773739
community: 5(285) | 5(285)

817 | 10261|-1
degree: 4 | 2
eff size: 3.5 | -1
constraint: 0.30428890306122447 | 0.5
community: 12(89) | 12(89)

7189 | 5071|-1
degree: 7 | 2
eff size: 6.428571428571428 | -1
constraint: 0.20563035934519922 | 0.5776259011857117
community: 2(481) | 2(481)

6453 | 6660|0
degree: 74 | 18
eff size: 69.16216216216213 | 8.638888888888891
constraint: 0.022298815015895906 | 0.10883773216419586
community: 7(149) | 3(388)

5409 | 6478|0
degree: 20 | 27
eff size: 9.75 | 8.648148148148149
constraint: 0.1009201382362806 | 0.10481889424197022
community: 3(388) | 3(388)

1239 | 7275|-1
degree: 457 | 2
eff size: 420.13129102844607 | 2.0
constraint: 0.02315574985880199 | 0.5
community: 2(481) | 2(481)

297 | 668|-1
degree: 47 | 33
eff size: 24.59574468085107 | 15.863636363636363
constraint: 0.04837060808664932 | 0.07079400655543622
community: 3(388) | 14(73)

8592 | 2848|-1
degree: 2 | 5
eff size: 2.0 | 4.0
constraint: 0.5 | 0.28
community: 21(31) | 21(31)

701 | 6108|-1
degree: 787 | 3
eff size: 749.9027954256691 | 2.666666666666667
constraint: 0.012079179134080941 | 0.3463044934968451
community: 1(576) | 2(481)

1103 | 1890|0
degree: 21 | 14
eff size: 12.523809523809524 | 8.892857142857144
constraint: 0.12418081417762768 | 0.17209018438606208
community: 4(290) | 4(290)

237 | 238|-1
degree: 15 | 2
eff size: 8.466666666666669 | -1
constraint: 0.13319790699114237 | 0.5
community: 8(149) | 8(149)

1740 | 4555|-1
degree: 135 | 2
eff size: 84.85925925925925 | -1
constraint: 0.03436991648411327 | 0.5179874507030178
community: 3(388) | 3(388)

1239 | 5681|-1
degree: 457 | 2
eff size: 420.13129102844607 | 2.0
constraint: 0.02315574985880199 | 0.5
community: 2(481) | 17(68)

3561 | 10848|-1
degree: 656 | 2
eff size: 608.4687500000005 | -1
constraint: 0.016793554262731276 | 0.5
community: 2(481) | 20(36)

1275 | 8319|-1
degree: 9 | 4
eff size: 7.666666666666666 | 3.0
constraint: 0.13645190638288496 | 0.375
community: 9(136) | 9(136)

701 | 6570|-1
degree: 787 | 3
eff size: 749.9027954256691 | -1
constraint: 0.012079179134080941 | 0.3452046241271362
community: 1(576) | 1(576)

5417 | 5399|-1
degree: 13 | 4
eff size: 10.0 | 2.25
constraint: 0.20505729765486358 | 0.42670209750566895
community: 4(290) | 4(290)

3976 | 5051|-1
degree: 9 | 3
eff size: 7.833333333333334 | -1
constraint: 0.1454360578812986 | 0.3596789790935529
community: 6(213) | 6(213)

701 | 10957|-1
degree: 787 | 2
eff size: 749.9027954256691 | -1
constraint: 0.012079179134080941 | 0.5027989765864311
community: 1(576) | 2(481)

2548 | 8079|-1
degree: 181 | 4
eff size: 152.18232044198882 | 2.5
constraint: 0.025484493264409592 | 0.25418587086376615
community: 1(576) | 15(71)

6380 | 3996|-1
degree: 4 | 4
eff size: 3.25 | -1
constraint: 0.2578504777710751 | 0.25
community: 17(68) | 17(68)

8113 | 6482|-1
degree: 2 | 3
eff size: 2.0 | -1
constraint: 0.5 | 0.3345773229273027
community: 20(36) | 20(36)

3561 | 3846|-1
degree: 656 | 2
eff size: 608.4687500000005 | -1
constraint: 0.016793554262731276 | 0.503719685965333
community: 2(481) | 2(481)

2686 | 8215|-1
degree: 20 | 4
eff size: 15.749999999999998 | 1.5
constraint: 0.07655227263018499 | 0.45711288927335636
community: 4(290) | 4(290)

1239 | 7170|0
degree: 457 | 26
eff size: 420.13129102844607 | 18.826923076923077
constraint: 0.02315574985880199 | 0.07076416136670519
community: 2(481) | 14(73)

1759 | 2853|0
degree: 20 | 4
eff size: 17.525 | 3.0
constraint: 0.06816204459327257 | 0.375
community: 3(388) | 9(136)

701 | 6381|-1
degree: 787 | 4
eff size: 749.9027954256691 | 3.25
constraint: 0.012079179134080941 | 0.2578504777710751
community: 1(576) | 17(68)

10689 | 10692|-1
degree: 2 | 2
eff size: 2.0 | -1
constraint: 0.5 | 0.5
community: 8(149) | 8(149)

293 | 4058|0
degree: 200 | 14
eff size: 110.31750000000005 | 9.285714285714286
constraint: 0.023061817431804462 | 0.10943551762274342
community: 3(388) | 3(388)

701 | 11013|-1
degree: 787 | 2
eff size: 749.9027954256691 | -1
constraint: 0.012079179134080941 | 0.5027989765864311
community: 1(576) | 2(481)

5417 | 5506|-1
degree: 13 | 4
eff size: 10.0 | 2.0
constraint: 0.20505729765486358 | 0.45913105133572163
community: 4(290) | 4(290)

600 | 11050|-1
degree: 11 | 1
eff size: 7.181818181818181 | -1
constraint: 0.14535711305763815 | 1.0
community: 8(149) | 8(149)

816 | 6401|-1
degree: 22 | 4
eff size: 21.295454545454543 | 3.5
constraint: 0.06551213063939598 | 0.26338015456547226
community: 12(89) | 12(89)

1717 | 1941|-1
degree: 25 | 1
eff size: 24.0 | -1
constraint: 0.04319999999999999 | 1.0
community: 11(110) | 11(110)

4000 | 4861|-1
degree: 75 | 1
eff size: 57.680000000000014 | -1
constraint: 0.02348405295066387 | 1.0
community: 5(285) | 5(285)

4969 | 11023|-1
degree: 23 | 1
eff size: 14.043478260869565 | -1
constraint: 0.09003462837483045 | 1.0
community: 3(388) | 3(388)

1239 | 4449|-1
degree: 457 | 2
eff size: 420.13129102844607 | -1
constraint: 0.02315574985880199 | 0.5
community: 2(481) | 1(576)

2687 | 4801|-1
degree: 8 | 2
eff size: 7.0 | -1
constraint: 0.15625 | 0.5
community: 6(213) | 6(213)

174 | 10404|-1
degree: 80 | 2
eff size: 47.10000000000001 | -1
constraint: 0.04121740497988625 | 0.513928512576913
community: 14(73) | 14(73)

5568 | 5480|-1
degree: 24 | 2
eff size: 23.687499999999996 | -1
constraint: 0.054932634186587344 | 0.5482756713604187
community: 9(136) | 9(136)

701 | 10870|-1
degree: 787 | 2
eff size: 749.9027954256691 | 2.0
constraint: 0.012079179134080941 | 0.5
community: 1(576) | 7(149)

4713 | 7671|-1
degree: 7 | 2
eff size: 5.2857142857142865 | -1
constraint: 0.28662635424540184 | 0.5
community: 10(120) | 10(120)

3561 | 4366|-1
degree: 656 | 2
eff size: 608.4687500000005 | -1
constraint: 0.016793554262731276 | 0.7415267140095181
community: 2(481) | 2(481)

702 | 5590|-1
degree: 101 | 4
eff size: 84.64851485148515 | 2.0
constraint: 0.018641940849454464 | 0.3983035882229792
community: 4(290) | 3(388)

2497 | 7531|-1
degree: 180 | 2
eff size: 101.72222222222223 | -1
constraint: 0.02648681881740085 | 0.6047599734720948
community: 10(120) | 10(120)

6347 | 10558|-1
degree: 46 | 1
eff size: 45.05434782608697 | -1
constraint: 0.04935800119536075 | 1.0
community: 1(576) | 1(576)

1 | 668|-1
degree: 214 | 33
eff size: 194.78971962616822 | 15.863636363636363
constraint: 0.02730875226271928 | 0.07079400655543622
community: 1(576) | 14(73)

701 | 3233|-1
degree: 787 | 1
eff size: 749.9027954256691 | -1
constraint: 0.012079179134080941 | 1.0
community: 1(576) | 1(576)

1331 | 5761|-1
degree: 5 | 6
eff size: 4.0 | 3.666666666666667
constraint: 0.28 | 0.22413470778010172
community: 2(481) | 2(481)

702 | 8650|-1
degree: 101 | 1
eff size: 84.64851485148515 | -1
constraint: 0.018641940849454464 | 1.0
community: 4(290) | 4(290)

701 | 6382|-1
degree: 787 | 4
eff size: 749.9027954256691 | 3.25
constraint: 0.012079179134080941 | 0.2578504777710751
community: 1(576) | 17(68)

6664 | 5499|-1
degree: 20 | 4
eff size: 18.75 | -1
constraint: 0.06242064761233473 | 0.25
community: 4(290) | 4(290)

2118 | 5434|-1
degree: 29 | 4
eff size: 26.620689655172413 | 4.0
constraint: 0.0477986890554325 | 0.25
community: 9(136) | 9(136)

5459 | 8676|0
degree: 90 | 2
eff size: 44.45555555555553 | 1.0
constraint: 0.04064820172718868 | 1.0
community: 5(285) | 5(285)

1982 | 3513|-1
degree: 4 | 2
eff size: 3.5 | -1
constraint: 0.2506997441466078 | 0.5
community: 2(481) | 2(481)

4005 | 11029|-1
degree: 28 | 1
eff size: 26.75 | -1
constraint: 0.04042309766465796 | 1.0
community: 7(149) | 7(149)

5568 | 8630|-1
degree: 24 | 1
eff size: 23.687499999999996 | -1
constraint: 0.054932634186587344 | 1.0
community: 9(136) | 9(136)

1916 | 7365|-1
degree: 6 | 3
eff size: 6.0 | -1
constraint: 0.16666666666666669 | 0.3333333333333333
community: 7(149) | 7(149)

5539 | 8208|-1
degree: 5 | 1
eff size: 5.0 | -1
constraint: 0.20000000000000004 | 1.0
community: 5(285) | 5(285)

10972 | 800|-1
degree: 3 | 4
eff size: 2.3333333333333335 | 2.375
constraint: 0.6697530864197532 | 0.576388888888889
community: 12(89) | 12(89)

2686 | 8640|-1
degree: 20 | 2
eff size: 15.749999999999998 | -1
constraint: 0.07655227263018499 | 0.5
community: 4(290) | 4(290)

5623 | 6904|0
degree: 9 | 3
eff size: 5.0 | 2.0
constraint: 0.20987654320987653 | 0.5555555555555556
community: 4(290) | 4(290)

7170 | 1503|-1
degree: 26 | 1
eff size: 18.826923076923077 | -1
constraint: 0.07076416136670519 | 1.0
community: 14(73) | 14(73)

8342 | 6795|-1
degree: 14 | 4
eff size: 12.571428571428571 | 3.75
constraint: 0.10518374917297878 | 0.2594381429954306
community: 9(136) | 9(136)

1891 | 8227|0
degree: 3 | 2
eff size: 2.0 | 1.0
constraint: 0.5555555555555556 | 1.0
community: 3(388) | 3(388)

701 | 3727|-1
degree: 787 | 4
eff size: 749.9027954256691 | 4.0
constraint: 0.012079179134080941 | 0.25
community: 1(576) | 2(481)

5568 | 8623|-1
degree: 24 | 1
eff size: 23.687499999999996 | -1
constraint: 0.054932634186587344 | 1.0
community: 9(136) | 9(136)

6453 | 1103|-1
degree: 74 | 21
eff size: 69.16216216216213 | 12.523809523809524
constraint: 0.022298815015895906 | 0.12418081417762768
community: 7(149) | 4(290)

5455 | 5456|0
degree: 3 | 2
eff size: 2.0 | 1.0
constraint: 0.5555555555555556 | 1.0
community: 11(110) | 11(110)

1675 | 6427|-1
degree: 3 | 6
eff size: 3.0 | 4.5
constraint: 0.3333333333333333 | 0.28622079379655135
community: 2(481) | 16(69)

5683 | 4759|-1
degree: 46 | 3
eff size: 33.67391304347826 | -1
constraint: 0.04196718145736998 | 0.3333333333333333
community: 5(285) | 6(213)

5673 | 7022|-1
degree: 11 | 2
eff size: 10.0 | -1
constraint: 0.10743801652892562 | 0.5
community: 17(68) | 17(68)

2548 | 8429|-1
degree: 181 | 1
eff size: 152.18232044198882 | -1
constraint: 0.025484493264409592 | 1.0
community: 1(576) | 1(576)

10680 | 87|-1
degree: 4 | 2
eff size: 3.375 | -1
constraint: 0.3427729105337497 | 0.6881456611570247
community: 8(149) | 8(149)

4230 | 10417|-1
degree: 20 | 3
eff size: 19.624999999999996 | -1
constraint: 0.05797137180025985 | 0.3333333333333333
community: 7(149) | 7(149)

1221 | 7492|-1
degree: 49 | 2
eff size: 47.27551020408163 | -1
constraint: 0.03315965438462233 | 0.5388575876306683
community: 6(213) | 6(213)

2871 | 6805|0
degree: 5 | 9
eff size: 3.8 | 5.222222222222222
constraint: 0.28089771681641484 | 0.19709952751105012
community: 4(290) | 4(290)

174 | 10690|-1
degree: 80 | 2
eff size: 47.10000000000001 | -1
constraint: 0.04121740497988625 | 0.5141829640095181
community: 14(73) | 14(73)

11038 | 8488|-1
degree: 2 | 1
eff size: 2.0 | -1
constraint: 0.5 | 1.0
community: 1(576) | 1(576)

1239 | 10676|-1
degree: 457 | 2
eff size: 420.13129102844607 | -1
constraint: 0.02315574985880199 | 0.5
community: 2(481) | 3(388)

701 | 10753|-1
degree: 787 | 1
eff size: 749.9027954256691 | -1
constraint: 0.012079179134080941 | 1.0
community: 1(576) | 1(576)

3404 | 3561|0
degree: 6 | 656
eff size: 3.666666666666667 | 608.4687500000005
constraint: 0.22520165872450443 | 0.016793554262731276
community: 16(69) | 2(481)

701 | 5693|-1
degree: 787 | 9
eff size: 749.9027954256691 | 4.388888888888888
constraint: 0.012079179134080941 | 0.16968679411116017
community: 1(576) | 3(388)

5387 | 5402|-1
degree: 2 | 2
eff size: 1.0 | -1
constraint: 0.8890306122448979 | 0.8890306122448979
community: 9(136) | 9(136)

1725 | 1755|-1
degree: 3 | 89
eff size: 2.666666666666667 | 81.57865168539328
constraint: 0.3431283187285521 | 0.01923233631987781
community: 5(285) | 5(285)

2516 | 7522|-1
degree: 40 | 2
eff size: 35.724999999999994 | -1
constraint: 0.12230122192719488 | 0.5312114197530864
community: 10(120) | 10(120)

1221 | 7586|-1
degree: 49 | 16
eff size: 47.27551020408163 | 15.21875
constraint: 0.03315965438462233 | 0.10989403106553333
community: 6(213) | 6(213)

7018 | 6332|-1
degree: 49 | 18
eff size: 48.0 | 15.0
constraint: 0.02124114952103291 | 0.07407407407407407
community: 15(71) | 18(59)

702 | 3243|-1
degree: 101 | 5
eff size: 84.64851485148515 | 4.4
constraint: 0.018641940849454464 | 0.20134796794587767
community: 4(290) | 4(290)

2529 | 3257|0
degree: 18 | 28
eff size: 11.083333333333332 | 18.625
constraint: 0.10152168447036708 | 0.05967614110515836
community: 5(285) | 5(285)

145 | 10680|-1
degree: 49 | 4
eff size: 36.30612244897959 | 3.375
constraint: 0.04010121769129523 | 0.3427729105337497
community: 8(149) | 8(149)

6467 | 10475|-1
degree: 29 | 2
eff size: 23.06896551724138 | -1
constraint: 0.061533457108295886 | 0.5
community: 1(576) | 1(576)

5680 | 5674|-1
degree: 2 | 4
eff size: 2.0 | 4.0
constraint: 0.5 | 0.25
community: 17(68) | 17(68)

5607 | 6742|0
degree: 11 | 11
eff size: 6.727272727272727 | 5.272727272727273
constraint: 0.176408238253954 | 0.20064462978562653
community: 4(290) | 4(290)

4969 | 6478|0
degree: 23 | 27
eff size: 14.043478260869565 | 8.648148148148149
constraint: 0.09003462837483045 | 0.10481889424197022
community: 3(388) | 3(388)

1136 | 109|-1
degree: 20 | 4
eff size: 15.125 | -1
constraint: 0.10393142006802722 | 0.2532115696296717
community: 4(290) | 4(290)

5408 | 3268|-1
degree: 17 | 3
eff size: 16.0 | -1
constraint: 0.0657439446366782 | 0.3333333333333333
community: 11(110) | 11(110)

3333 | 8215|0
degree: 51 | 4
eff size: 25.627450980392158 | 1.5
constraint: 0.05947118604285511 | 0.45711288927335636
community: 4(290) | 4(290)

6347 | 10459|-1
degree: 46 | 2
eff size: 45.05434782608697 | -1
constraint: 0.04935800119536075 | 0.5116234403172586
community: 1(576) | 1(576)

8297 | 8578|-1
degree: 8 | 8
eff size: 5.5 | 4.375
constraint: 0.2517457561728395 | 0.24024945166655987
community: 5(285) | 5(285)

1717 | 1723|-1
degree: 25 | 1
eff size: 24.0 | -1
constraint: 0.04319999999999999 | 1.0
community: 11(110) | 11(110)

5623 | 6764|0
degree: 9 | 2
eff size: 5.0 | 1.0
constraint: 0.20987654320987653 | 1.0
community: 4(290) | 4(290)

5778 | 10843|-1
degree: 3 | 3
eff size: 1.8333333333333335 | -1
constraint: 0.4218999116584464 | 0.42681191147526765
community: 1(576) | 1(576)

1717 | 1721|-1
degree: 25 | 1
eff size: 24.0 | -1
constraint: 0.04319999999999999 | 1.0
community: 11(110) | 11(110)

1717 | 1939|-1
degree: 25 | 1
eff size: 24.0 | -1
constraint: 0.04319999999999999 | 1.0
community: 11(110) | 11(110)

174 | 6082|0
degree: 80 | 10
eff size: 47.10000000000001 | 5.550000000000001
constraint: 0.04121740497988625 | 0.18779423690171773
community: 14(73) | 1(576)

11028 | 4926|-1
degree: 2 | 23
eff size: 2.0 | 22.76086956521739
constraint: 0.5 | 0.04440840125973849
community: 15(71) | 15(71)

2521 | 7523|-1
degree: 17 | 2
eff size: 14.088235294117647 | -1
constraint: 0.14960364338828203 | 0.5
community: 10(120) | 10(120)

6322 | 11052|-1
degree: 4 | 1
eff size: 4.0 | -1
constraint: 0.25 | 1.0
community: 16(69) | 16(69)

5119 | 7013|-1
degree: 7 | 2
eff size: 6.5 | -1
constraint: 0.1594473462305658 | 0.5
community: 8(149) | 8(149)

2764 | 9284|-1
degree: 18 | 1
eff size: 17.11111111111111 | -1
constraint: 0.10434428405584747 | 1.0
community: 6(213) | 6(213)

2854 | 8594|-1
degree: 16 | 1
eff size: 16.0 | -1
constraint: 0.0625 | 1.0
community: 9(136) | 9(136)

1239 | 3967|0
degree: 457 | 28
eff size: 420.13129102844607 | 12.30357142857143
constraint: 0.02315574985880199 | 0.08068818876043574
community: 2(481) | 3(388)

3847 | 6478|0
degree: 96 | 27
eff size: 52.35937499999999 | 8.648148148148149
constraint: 0.04001790201616521 | 0.10481889424197022
community: 3(388) | 3(388)

1328 | 6332|0
degree: 4 | 18
eff size: 3.0 | 15.0
constraint: 0.375 | 0.07407407407407407
community: 18(59) | 18(59)

701 | 7893|-1
degree: 787 | 4
eff size: 749.9027954256691 | 3.25
constraint: 0.012079179134080941 | 0.2578504777710751
community: 1(576) | 17(68)

8297 | 8259|-1
degree: 8 | 5
eff size: 5.5 | 2.6999999999999997
constraint: 0.2517457561728395 | 0.3388044587287012
community: 5(285) | 5(285)

701 | 10643|-1
degree: 787 | 2
eff size: 749.9027954256691 | -1
constraint: 0.012079179134080941 | 0.503465234532728
community: 1(576) | 2(481)

8297 | 3344|-1
degree: 8 | 9
eff size: 5.5 | 6.444444444444445
constraint: 0.2517457561728395 | 0.17748104823036828
community: 5(285) | 5(285)

2548 | 6714|-1
degree: 181 | 2
eff size: 152.18232044198882 | -1
constraint: 0.025484493264409592 | 0.5
community: 1(576) | 23(10)

3343 | 5468|-1
degree: 19 | 2
eff size: 16.263157894736842 | -1
constraint: 0.08573668967566715 | 0.5482756713604187
community: 9(136) | 9(136)

6453 | 8452|-1
degree: 74 | 2
eff size: 69.16216216216213 | -1
constraint: 0.022298815015895906 | 0.5324274105186269
community: 7(149) | 7(149)

1 | 7418|-1
degree: 214 | 1
eff size: 194.78971962616822 | -1
constraint: 0.02730875226271928 | 1.0
community: 1(576) | 1(576)

5441 | 5450|0
degree: 9 | 2
eff size: 4.833333333333333 | 1.0
constraint: 0.2251181222374638 | 1.0
community: 11(110) | 11(110)

3300 | 6680|-1
degree: 56 | 12
eff size: 39.23214285714286 | 9.333333333333332
constraint: 0.038216080040508506 | 0.14509236622889896
community: 4(290) | 11(110)

3561 | 10414|-1
degree: 656 | 2
eff size: 608.4687500000005 | -1
constraint: 0.016793554262731276 | 0.5070820999867471
community: 2(481) | 1(576)

6083 | 7390|-1
degree: 7 | 2
eff size: 5.2857142857142865 | -1
constraint: 0.24522144372783525 | 0.629030612244898
community: 7(149) | 7(149)

701 | 6423|-1
degree: 787 | 3
eff size: 749.9027954256691 | -1
constraint: 0.012079179134080941 | 0.3462826327779904
community: 1(576) | 3(388)

3344 | 5600|-1
degree: 9 | 2
eff size: 6.444444444444445 | -1
constraint: 0.17748104823036828 | 0.5
community: 5(285) | 5(285)

1717 | 2470|-1
degree: 25 | 1
eff size: 24.0 | -1
constraint: 0.04319999999999999 | 1.0
community: 11(110) | 11(110)

1785 | 10246|-1
degree: 12 | 1
eff size: 12.0 | -1
constraint: 0.08333333333333336 | 1.0
community: 19(52) | 19(52)

7018 | 5088|-1
degree: 49 | 3
eff size: 48.0 | -1
constraint: 0.02124114952103291 | 0.33487343757010124
community: 15(71) | 15(71)

3561 | 4043|-1
degree: 656 | 2
eff size: 608.4687500000005 | -1
constraint: 0.016793554262731276 | 0.503719685965333
community: 2(481) | 2(481)

2497 | 4713|0
degree: 180 | 7
eff size: 101.72222222222223 | 5.2857142857142865
constraint: 0.02648681881740085 | 0.28662635424540184
community: 10(120) | 10(120)

2828 | 4908|-1
degree: 24 | 4
eff size: 12.875000000000002 | -1
constraint: 0.08282784633487211 | 0.27494032076097086
community: 3(388) | 3(388)

2497 | 8218|0
degree: 180 | 8
eff size: 101.72222222222223 | 4.75
constraint: 0.02648681881740085 | 0.19131129327772492
community: 10(120) | 3(388)

5459 | 5557|0
degree: 90 | 6
eff size: 44.45555555555553 | 3.666666666666667
constraint: 0.04064820172718868 | 0.2835526340771118
community: 5(285) | 5(285)

3561 | 6849|-1
degree: 656 | 10
eff size: 608.4687500000005 | 9.6
constraint: 0.016793554262731276 | 0.12500000000000003
community: 2(481) | 21(31)

3561 | 11003|-1
degree: 656 | 2
eff size: 608.4687500000005 | -1
constraint: 0.016793554262731276 | 0.503719685965333
community: 2(481) | 2(481)

3561 | 6312|-1
degree: 656 | 1
eff size: 608.4687500000005 | -1
constraint: 0.016793554262731276 | 1.0
community: 2(481) | 2(481)

5650 | 7208|-1
degree: 24 | 2
eff size: 23.541666666666668 | -1
constraint: 0.053973463475043774 | 0.5
community: 16(69) | 16(69)

293 | 3257|0
degree: 200 | 28
eff size: 110.31750000000005 | 18.625
constraint: 0.023061817431804462 | 0.05967614110515836
community: 3(388) | 5(285)

701 | 10657|-1
degree: 787 | 1
eff size: 749.9027954256691 | -1
constraint: 0.012079179134080941 | 1.0
community: 1(576) | 1(576)

7501 | 7529|-1
degree: 8 | 2
eff size: 7.3125 | -1
constraint: 0.15231899965564738 | 0.5
community: 10(120) | 10(120)

2497 | 7522|-1
degree: 180 | 2
eff size: 101.72222222222223 | -1
constraint: 0.02648681881740085 | 0.5312114197530864
community: 10(120) | 10(120)

3561 | 6304|-1
degree: 656 | 1
eff size: 608.4687500000005 | -1
constraint: 0.016793554262731276 | 1.0
community: 2(481) | 2(481)

3561 | 10994|-1
degree: 656 | 1
eff size: 608.4687500000005 | -1
constraint: 0.016793554262731276 | 1.0
community: 2(481) | 2(481)

6181 | 7942|-1
degree: 4 | 1
eff size: 2.5 | -1
constraint: 0.2545212552447838 | 1.0
community: 1(576) | 1(576)

4470 | 7445|-1
degree: 2 | 2
eff size: 2.0 | -1
constraint: 0.5 | 0.5
community: 12(89) | 12(89)

702 | 8404|-1
degree: 101 | 3
eff size: 84.64851485148515 | 3.0
constraint: 0.018641940849454464 | 0.3333333333333333
community: 4(290) | 4(290)

6332 | 8151|0
degree: 18 | 5
eff size: 15.0 | 4.0
constraint: 0.07407407407407407 | 0.28
community: 18(59) | 18(59)

5676 | 10539|-1
degree: 5 | 3
eff size: 5.0 | -1
constraint: 0.20000000000000004 | 0.33857663830578844
community: 1(576) | 1(576)

10530 | 6429|-1
degree: 7 | 2
eff size: 7.0 | -1
constraint: 0.14285714285714285 | 0.5
community: 7(149) | 7(149)

3561 | 4775|-1
degree: 656 | 2
eff size: 608.4687500000005 | -1
constraint: 0.016793554262731276 | 0.591040553841133
community: 2(481) | 5(285)

6680 | 2602|-1
degree: 12 | 2
eff size: 9.333333333333332 | -1
constraint: 0.14509236622889896 | 0.5
community: 11(110) | 11(110)

1755 | 3303|0
degree: 89 | 23
eff size: 81.57865168539328 | 21.826086956521742
constraint: 0.01923233631987781 | 0.04799861000457335
community: 5(285) | 4(290)

3909 | 104|-1
degree: 6 | 4
eff size: 4.25 | 3.25
constraint: 0.25159868339656777 | 0.3661259486787912
community: 8(149) | 8(149)

2521 | 7516|-1
degree: 17 | 2
eff size: 14.088235294117647 | -1
constraint: 0.14960364338828203 | 0.5678701567773079
community: 10(120) | 10(120)

3216 | 8570|-1
degree: 11 | 2
eff size: 10.0 | -1
constraint: 0.10743801652892562 | 0.5
community: 9(136) | 9(136)

6685 | 8673|-1
degree: 9 | 2
eff size: 8.833333333333334 | -1
constraint: 0.1189216614553515 | 0.5
community: 5(285) | 5(285)

4557 | 3794|-1
degree: 5 | 2
eff size: 5.0 | -1
constraint: 0.20000000000000004 | 0.5
community: 18(59) | 18(59)

1930 | 8609|-1
degree: 5 | 2
eff size: 4.7 | -1
constraint: 0.21456648861458133 | 0.5
community: 4(290) | 4(290)

10870 | 10396|-1
degree: 2 | 3
eff size: 2.0 | -1
constraint: 0.5 | 0.3333333333333333
community: 7(149) | 7(149)

3561 | 6295|-1
degree: 656 | 3
eff size: 608.4687500000005 | -1
constraint: 0.016793554262731276 | 0.3377777791672892
community: 2(481) | 2(481)

1740 | 11030|-1
degree: 135 | 2
eff size: 84.85925925925925 | -1
constraint: 0.03436991648411327 | 0.5087345396688197
community: 3(388) | 3(388)

7018 | 10967|-1
degree: 49 | 2
eff size: 48.0 | -1
constraint: 0.02124114952103291 | 0.5
community: 15(71) | 15(71)

6081 | 4358|-1
degree: 4 | 3
eff size: 3.125 | -1
constraint: 0.3291742248400586 | 0.3333333333333333
community: 8(149) | 8(149)

145 | 104|-1
degree: 49 | 4
eff size: 36.30612244897959 | 3.25
constraint: 0.04010121769129523 | 0.3661259486787912
community: 8(149) | 8(149)

5119 | 8005|-1
degree: 7 | 3
eff size: 6.5 | -1
constraint: 0.1594473462305658 | 0.3690106160186213
community: 8(149) | 8(149)

5441 | 5445|0
degree: 9 | 6
eff size: 4.833333333333333 | 3.75
constraint: 0.2251181222374638 | 0.3041838134430727
community: 11(110) | 11(110)

6402 | 6478|0
degree: 11 | 27
eff size: 6.181818181818182 | 8.648148148148149
constraint: 0.17322798910116882 | 0.10481889424197022
community: 8(149) | 3(388)

8207 | 8464|-1
degree: 2 | 2
eff size: 2.0 | -1
constraint: 0.5 | 0.5
community: 21(31) | 21(31)

701 | 10838|-1
degree: 787 | 2
eff size: 749.9027954256691 | -1
constraint: 0.012079179134080941 | 0.5027989765864311
community: 1(576) | 2(481)

4694 | 4705|-1
degree: 22 | 2
eff size: 14.409090909090907 | -1
constraint: 0.12996597802413737 | 0.5
community: 10(120) | 10(120)

1239 | 8070|0
degree: 457 | 6
eff size: 420.13129102844607 | 3.25
constraint: 0.02315574985880199 | 0.2329698488718541
community: 2(481) | 2(481)

1239 | 8008|-1
degree: 457 | 1
eff size: 420.13129102844607 | -1
constraint: 0.02315574985880199 | 1.0
community: 2(481) | 2(481)

4183 | 10676|-1
degree: 19 | 2
eff size: 9.157894736842104 | -1
constraint: 0.09320526945321307 | 0.5
community: 3(388) | 3(388)

2764 | 7702|-1
degree: 18 | 1
eff size: 17.11111111111111 | -1
constraint: 0.10434428405584747 | 1.0
community: 6(213) | 6(213)

6332 | 10560|-1
degree: 18 | 1
eff size: 15.0 | -1
constraint: 0.07407407407407407 | 1.0
community: 18(59) | 18(59)

6765 | 8625|-1
degree: 19 | 1
eff size: 15.73684210526316 | -1
constraint: 0.0746237430114774 | 1.0
community: 5(285) | 5(285)

3561 | 7342|-1
degree: 656 | 2
eff size: 608.4687500000005 | -1
constraint: 0.016793554262731276 | 0.5027989765864311
community: 2(481) | 2(481)

517 | 8560|-1
degree: 7 | 3
eff size: 5.714285714285715 | -1
constraint: 0.18530467441994408 | 0.3333333333333333
community: 5(285) | 5(285)

3561 | 10980|-1
degree: 656 | 2
eff size: 608.4687500000005 | -1
constraint: 0.016793554262731276 | 0.5027989765864311
community: 2(481) | 2(481)

6664 | 8660|-1
degree: 20 | 2
eff size: 18.75 | -1
constraint: 0.06242064761233473 | 0.5
community: 4(290) | 4(290)

8359 | 8241|-1
degree: 6 | 2
eff size: 6.0 | -1
constraint: 0.16666666666666669 | 0.5
community: 9(136) | 9(136)

6813 | 4926|-1
degree: 6 | 23
eff size: 5.166666666666666 | 22.76086956521739
constraint: 0.208052263476369 | 0.04440840125973849
community: 4(290) | 15(71)

2548 | 11019|-1
degree: 181 | 2
eff size: 152.18232044198882 | -1
constraint: 0.025484493264409592 | 0.5
community: 1(576) | 3(388)

701 | 3257|-1
degree: 787 | 28
eff size: 749.9027954256691 | 18.625
constraint: 0.012079179134080941 | 0.05967614110515836
community: 1(576) | 5(285)

6503 | 7325|-1
degree: 16 | 1
eff size: 15.78125 | -1
constraint: 0.07114154210047971 | 1.0
community: 18(59) | 18(59)

3561 | 10941|-1
degree: 656 | 2
eff size: 608.4687500000005 | -1
constraint: 0.016793554262731276 | 0.503719685965333
community: 2(481) | 2(481)

8697 | 8376|-1
degree: 2 | 3
eff size: 2.0 | -1
constraint: 0.5 | 0.3333333333333333
community: 7(149) | 7(149)

701 | 6385|-1
degree: 787 | 4
eff size: 749.9027954256691 | 3.25
constraint: 0.012079179134080941 | 0.2578504777710751
community: 1(576) | 17(68)

6633 | 7182|-1
degree: 3 | 2
eff size: 3.0 | -1
constraint: 0.3333333333333333 | 0.5
community: 1(576) | 1(576)

6968 | 6089|-1
degree: 2 | 2
eff size: 2.0 | -1
constraint: 0.5 | 0.5
community: 7(149) | 7(149)

5400 | 6683|0
degree: 29 | 8
eff size: 22.844827586206893 | 4.0625
constraint: 0.059089233358101644 | 0.26011278655586295
community: 5(285) | 11(110)

1257 | 8197|-1
degree: 13 | 1
eff size: 8.730769230769232 | -1
constraint: 0.1345442391728985 | 1.0
community: 4(290) | 4(290)

6083 | 6968|-1
degree: 7 | 2
eff size: 5.2857142857142865 | 2.0
constraint: 0.24522144372783525 | 0.5
community: 7(149) | 7(149)

6347 | 4471|-1
degree: 46 | 1
eff size: 45.05434782608697 | -1
constraint: 0.04935800119536075 | 1.0
community: 1(576) | 1(576)

3561 | 10453|-1
degree: 656 | 2
eff size: 608.4687500000005 | -1
constraint: 0.016793554262731276 | 0.5027989765864311
community: 2(481) | 2(481)

2500 | 2513|-1
degree: 17 | 11
eff size: 14.264705882352942 | 8.59090909090909
constraint: 0.15125424132021648 | 0.1563917213238727
community: 10(120) | 10(120)

1292 | 3632|0
degree: 4 | 7
eff size: 2.0 | 5.428571428571429
constraint: 0.5408611686862245 | 0.2621970663265306
community: 18(59) | 18(59)

6461 | 7226|-1
degree: 35 | 3
eff size: 21.74285714285714 | 2.0
constraint: 0.07861388323447868 | 0.5555555555555556
community: 3(388) | 3(388)

2548 | 4000|0
degree: 181 | 75
eff size: 152.18232044198882 | 57.680000000000014
constraint: 0.025484493264409592 | 0.02348405295066387
community: 1(576) | 5(285)

2548 | 4637|0
degree: 181 | 38
eff size: 152.18232044198882 | 35.09210526315789
constraint: 0.025484493264409592 | 0.03660405394497695
community: 1(576) | 6(213)

3300 | 1198|-1
degree: 56 | 4
eff size: 39.23214285714286 | 2.25
constraint: 0.038216080040508506 | 0.4100853883219954
community: 4(290) | 4(290)

2548 | 8172|-1
degree: 181 | 2
eff size: 152.18232044198882 | -1
constraint: 0.025484493264409592 | 0.506827648554142
community: 1(576) | 1(576)

701 | 7891|-1
degree: 787 | 3
eff size: 749.9027954256691 | -1
constraint: 0.012079179134080941 | 0.347289738259689
community: 1(576) | 17(68)

1717 | 2474|-1
degree: 25 | 1
eff size: 24.0 | -1
constraint: 0.04319999999999999 | 1.0
community: 11(110) | 11(110)

1717 | 1720|-1
degree: 25 | 1
eff size: 24.0 | -1
constraint: 0.04319999999999999 | 1.0
community: 11(110) | 11(110)

7586 | 9267|-1
degree: 16 | 2
eff size: 15.21875 | -1
constraint: 0.10989403106553333 | 0.5425347674146189
community: 6(213) | 6(213)

2118 | 8470|0
degree: 29 | 5
eff size: 26.620689655172413 | 4.0
constraint: 0.0477986890554325 | 0.28
community: 9(136) | 9(136)

3304 | 8598|-1
degree: 7 | 1
eff size: 7.0 | -1
constraint: 0.14285714285714285 | 1.0
community: 5(285) | 5(285)

1 | 11015|-1
degree: 214 | 1
eff size: 194.78971962616822 | -1
constraint: 0.02730875226271928 | 1.0
community: 1(576) | 1(576)

2548 | 10991|-1
degree: 181 | 1
eff size: 152.18232044198882 | -1
constraint: 0.025484493264409592 | 1.0
community: 1(576) | 1(576)

2548 | 6467|0
degree: 181 | 29
eff size: 152.18232044198882 | 23.06896551724138
constraint: 0.025484493264409592 | 0.061533457108295886
community: 1(576) | 1(576)

3847 | 5409|0
degree: 96 | 20
eff size: 52.35937499999999 | 9.75
constraint: 0.04001790201616521 | 0.1009201382362806
community: 3(388) | 3(388)

5650 | 7284|-1
degree: 24 | 3
eff size: 23.541666666666668 | -1
constraint: 0.053973463475043774 | 0.3464200263209122
community: 16(69) | 16(69)

4694 | 4703|-1
degree: 22 | 3
eff size: 14.409090909090907 | -1
constraint: 0.12996597802413737 | 0.37181832352707767
community: 10(120) | 10(120)

8455 | 8562|-1
degree: 3 | 1
eff size: 3.0 | -1
constraint: 0.3333333333333333 | 1.0
community: 5(285) | 5(285)

3847 | 6402|0
degree: 96 | 11
eff size: 52.35937499999999 | 6.181818181818182
constraint: 0.04001790201616521 | 0.17322798910116882
community: 3(388) | 8(149)

4780 | 9283|-1
degree: 11 | 2
eff size: 9.0 | -1
constraint: 0.12396694214876033 | 0.5
community: 6(213) | 6(213)

5651 | 8091|-1
degree: 4 | 2
eff size: 4.0 | -1
constraint: 0.25 | 0.5
community: 1(576) | 1(576)

701 | 10539|-1
degree: 787 | 3
eff size: 749.9027954256691 | -1
constraint: 0.012079179134080941 | 0.33857663830578844
community: 1(576) | 1(576)

701 | 10866|-1
degree: 787 | 2
eff size: 749.9027954256691 | 2.0
constraint: 0.012079179134080941 | 0.5
community: 1(576) | 15(71)

3316 | 8510|0
degree: 10 | 3
eff size: 8.4 | 1.1666666666666667
constraint: 0.14579499731281081 | 0.6231558641975308
community: 9(136) | 9(136)

1239 | 2828|-1
degree: 457 | 24
eff size: 420.13129102844607 | 12.875000000000002
constraint: 0.02315574985880199 | 0.08282784633487211
community: 2(481) | 3(388)

5378 | 8642|-1
degree: 17 | 1
eff size: 11.911764705882351 | -1
constraint: 0.10053665557958151 | 1.0
community: 5(285) | 5(285)

10530 | 10778|-1
degree: 7 | 1
eff size: 7.0 | -1
constraint: 0.14285714285714285 | 1.0
community: 7(149) | 7(149)

3561 | 7439|-1
degree: 656 | 3
eff size: 608.4687500000005 | -1
constraint: 0.016793554262731276 | 0.40368597566713293
community: 2(481) | 1(576)

5000 | 11019|-1
degree: 18 | 2
eff size: 8.222222222222221 | -1
constraint: 0.11069753721227432 | 0.5
community: 3(388) | 3(388)

2118 | 2643|-1
degree: 29 | 2
eff size: 26.620689655172413 | -1
constraint: 0.0477986890554325 | 0.5
community: 9(136) | 9(136)

5005 | 8143|0
degree: 3 | 4
eff size: 2.0 | 3.0
constraint: 0.5555555555555556 | 0.375
community: 15(71) | 15(71)

3741 | 5710|-1
degree: 10 | 6
eff size: 8.0 | 4.333333333333333
constraint: 0.22883331488413913 | 0.2629181677602007
community: 7(149) | 7(149)

1239 | 5680|-1
degree: 457 | 2
eff size: 420.13129102844607 | 2.0
constraint: 0.02315574985880199 | 0.5
community: 2(481) | 17(68)

1740 | 11045|-1
degree: 135 | 1
eff size: 84.85925925925925 | -1
constraint: 0.03436991648411327 | 1.0
community: 3(388) | 3(388)

3303 | 8703|-1
degree: 23 | 2
eff size: 21.826086956521742 | -1
constraint: 0.04799861000457335 | 0.5
community: 4(290) | 4(290)

1299 | 5556|0
degree: 21 | 16
eff size: 14.428571428571432 | 9.90625
constraint: 0.0828400723595513 | 0.13446597213229217
community: 4(290) | 4(290)

7170 | 592|-1
degree: 26 | 1
eff size: 18.826923076923077 | -1
constraint: 0.07076416136670519 | 1.0
community: 14(73) | 14(73)

1740 | 4310|-1
degree: 135 | 2
eff size: 84.85925925925925 | -1
constraint: 0.03436991648411327 | 0.5087345396688197
community: 3(388) | 3(388)

702 | 3246|-1
degree: 101 | 5
eff size: 84.64851485148515 | 2.4000000000000004
constraint: 0.018641940849454464 | 0.3086075685690533
community: 4(290) | 3(388)

8359 | 2766|-1
degree: 6 | 2
eff size: 6.0 | -1
constraint: 0.16666666666666669 | 0.5
community: 9(136) | 9(136)

1740 | 11035|-1
degree: 135 | 2
eff size: 84.85925925925925 | -1
constraint: 0.03436991648411327 | 0.5087345396688197
community: 3(388) | 3(388)

4969 | 7055|-1
degree: 23 | 3
eff size: 14.043478260869565 | -1
constraint: 0.09003462837483045 | 0.3333333333333333
community: 3(388) | 3(388)

701 | 8172|-1
degree: 787 | 2
eff size: 749.9027954256691 | -1
constraint: 0.012079179134080941 | 0.506827648554142
community: 1(576) | 1(576)

6793 | 6820|0
degree: 5 | 2
eff size: 3.0 | 1.0
constraint: 0.3600000000000001 | 1.0
community: 4(290) | 4(290)

2514 | 7671|-1
degree: 11 | 2
eff size: 9.318181818181818 | -1
constraint: 0.12393566529726685 | 0.5
community: 10(120) | 10(120)

4780 | 7541|-1
degree: 11 | 2
eff size: 9.0 | -1
constraint: 0.12396694214876033 | 0.5
community: 6(213) | 6(213)

293 | 6395|-1
degree: 200 | 7
eff size: 110.31750000000005 | 1.7142857142857146
constraint: 0.023061817431804462 | 0.23813325030635607
community: 3(388) | 3(388)

8228 | 8332|-1
degree: 6 | 2
eff size: 6.0 | -1
constraint: 0.16666666666666669 | 0.5
community: 4(290) | 4(290)

8400 | 6700|-1
degree: 2 | 2
eff size: 2.0 | -1
constraint: 0.5 | 0.5
community: 4(290) | 4(290)

8672 | 8688|-1
degree: 2 | 2
eff size: 2.0 | -1
constraint: 0.5 | 0.5
community: 4(290) | 4(290)

8561 | 8391|-1
degree: 2 | 2
eff size: 2.0 | -1
constraint: 0.5 | 0.5
community: 5(285) | 5(285)

5119 | 10279|-1
degree: 7 | 1
eff size: 6.5 | -1
constraint: 0.1594473462305658 | 1.0
community: 8(149) | 8(149)

7922 | 7016|-1
degree: 12 | 3
eff size: 8.208333333333334 | -1
constraint: 0.12918297744701804 | 0.3333333333333333
community: 3(388) | 3(388)

6730 | 8281|-1
degree: 10 | 2
eff size: 8.8 | -1
constraint: 0.13812500000000005 | 0.5
community: 4(290) | 4(290)

701 | 4000|0
degree: 787 | 75
eff size: 749.9027954256691 | 57.680000000000014
constraint: 0.012079179134080941 | 0.02348405295066387
community: 1(576) | 5(285)

3384 | 6210|-1
degree: 19 | 1
eff size: 16.868421052631582 | -1
constraint: 0.07214764800925422 | 1.0
community: 20(36) | 20(36)

1292 | 3484|-1
degree: 4 | 4
eff size: 2.0 | 2.5
constraint: 0.5408611686862245 | 0.49394132653061223
community: 18(59) | 18(59)

1890 | 3333|0
degree: 14 | 51
eff size: 8.892857142857144 | 25.627450980392158
constraint: 0.17209018438606208 | 0.05947118604285511
community: 4(290) | 4(290)

6347 | 10928|-1
degree: 46 | 2
eff size: 45.05434782608697 | -1
constraint: 0.04935800119536075 | 0.5116234403172586
community: 1(576) | 1(576)

8322 | 5556|-1
degree: 4 | 16
eff size: 2.75 | 9.90625
constraint: 0.33568271273457706 | 0.13446597213229217
community: 4(290) | 4(290)

1239 | 5693|-1
degree: 457 | 9
eff size: 420.13129102844607 | 4.388888888888888
constraint: 0.02315574985880199 | 0.16968679411116017
community: 2(481) | 3(388)

6331 | 7319|-1
degree: 2 | 2
eff size: 2.0 | -1
constraint: 0.5 | 0.5
community: 1(576) | 1(576)

4230 | 10881|-1
degree: 20 | 1
eff size: 19.624999999999996 | -1
constraint: 0.05797137180025985 | 1.0
community: 7(149) | 7(149)

817 | 3963|-1
degree: 4 | 4
eff size: 3.5 | 3.0
constraint: 0.30428890306122447 | 0.33065296108112663
community: 12(89) | 12(89)

2685 | 10760|-1
degree: 51 | 1
eff size: 40.78431372549019 | -1
constraint: 0.032319044392683356 | 1.0
community: 17(68) | 17(68)

2497 | 7516|-1
degree: 180 | 2
eff size: 101.72222222222223 | -1
constraint: 0.02648681881740085 | 0.5678701567773079
community: 10(120) | 10(120)

4926 | 11014|-1
degree: 23 | 1
eff size: 22.76086956521739 | -1
constraint: 0.04440840125973849 | 1.0
community: 15(71) | 15(71)

2118 | 8675|-1
degree: 29 | 1
eff size: 26.620689655172413 | -1
constraint: 0.0477986890554325 | 1.0
community: 9(136) | 9(136)

3561 | 10957|-1
degree: 656 | 2
eff size: 608.4687500000005 | -1
constraint: 0.016793554262731276 | 0.5027989765864311
community: 2(481) | 2(481)

2578 | 8371|-1
degree: 15 | 2
eff size: 14.866666666666667 | -1
constraint: 0.06828575077889144 | 0.5
community: 9(136) | 9(136)

5442 | 5448|0
degree: 2 | 3
eff size: 1.0 | 2.0
constraint: 1.0 | 0.5555555555555556
community: 11(110) | 11(110)

701 | 11028|-1
degree: 787 | 2
eff size: 749.9027954256691 | 2.0
constraint: 0.012079179134080941 | 0.5
community: 1(576) | 15(71)

6 | 517|0
degree: 3 | 7
eff size: 2.0 | 5.714285714285715
constraint: 0.5555555555555556 | 0.18530467441994408
community: 5(285) | 5(285)

4230 | 10938|-1
degree: 20 | 1
eff size: 19.624999999999996 | -1
constraint: 0.05797137180025985 | 1.0
community: 7(149) | 7(149)

3512 | 3591|-1
degree: 2 | 2
eff size: 2.0 | -1
constraint: 0.5 | 0.5
community: 1(576) | 1(576)

6427 | 8001|-1
degree: 6 | 6
eff size: 4.5 | 4.5
constraint: 0.28622079379655135 | 0.28622079379655135
community: 16(69) | 3(388)

2118 | 3316|-1
degree: 29 | 10
eff size: 26.620689655172413 | 8.4
constraint: 0.0477986890554325 | 0.14579499731281081
community: 9(136) | 9(136)

1916 | 6125|-1
degree: 6 | 2
eff size: 6.0 | -1
constraint: 0.16666666666666669 | 0.5
community: 7(149) | 7(149)

5556 | 6670|-1
degree: 16 | 2
eff size: 9.90625 | -1
constraint: 0.13446597213229217 | 0.5
community: 4(290) | 4(290)

3300 | 5427|-1
degree: 56 | 2
eff size: 39.23214285714286 | -1
constraint: 0.038216080040508506 | 0.5
community: 4(290) | 4(290)

4660 | 7627|-1
degree: 2 | 2
eff size: 2.0 | -1
constraint: 0.5 | 0.5
community: 6(213) | 6(213)

3564 | 11004|-1
degree: 6 | 2
eff size: 4.416666666666667 | -1
constraint: 0.2114893062394183 | 0.5913730667185915
community: 2(481) | 2(481)

2905 | 6083|0
degree: 26 | 7
eff size: 13.615384615384617 | 5.2857142857142865
constraint: 0.10084856230460629 | 0.24522144372783525
community: 7(149) | 7(149)

3300 | 71|-1
degree: 56 | 8
eff size: 39.23214285714286 | -1
constraint: 0.038216080040508506 | 0.1366957995628791
community: 4(290) | 5(285)

3215 | 3305|0
degree: 21 | 12
eff size: 19.642857142857142 | 9.583333333333332
constraint: 0.0651291215447683 | 0.13862217340639962
community: 4(290) | 4(290)

701 | 10902|-1
degree: 787 | 1
eff size: 749.9027954256691 | -1
constraint: 0.012079179134080941 | 1.0
community: 1(576) | 1(576)

7170 | 668|-1
degree: 26 | 33
eff size: 18.826923076923077 | 15.863636363636363
constraint: 0.07076416136670519 | 0.07079400655543622
community: 14(73) | 14(73)

2683 | 5387|-1
degree: 7 | 2
eff size: 6.714285714285715 | 1.0
constraint: 0.19387755102040813 | 0.8890306122448979
community: 9(136) | 9(136)

286 | 2685|0
degree: 117 | 51
eff size: 61.67094017094016 | 40.78431372549019
constraint: 0.034347959362860114 | 0.032319044392683356
community: 3(388) | 17(68)

3300 | 2109|-1
degree: 56 | 4
eff size: 39.23214285714286 | 3.0
constraint: 0.038216080040508506 | 0.375
community: 4(290) | 4(290)

5430 | 8648|-1
degree: 6 | 1
eff size: 6.0 | -1
constraint: 0.16666666666666669 | 1.0
community: 5(285) | 5(285)

1717 | 1940|-1
degree: 25 | 1
eff size: 24.0 | -1
constraint: 0.04319999999999999 | 1.0
community: 11(110) | 11(110)

701 | 10995|-1
degree: 787 | 2
eff size: 749.9027954256691 | -1
constraint: 0.012079179134080941 | 0.5027989765864311
community: 1(576) | 2(481)

5650 | 10787|-1
degree: 24 | 2
eff size: 23.541666666666668 | -1
constraint: 0.053973463475043774 | 0.5
community: 16(69) | 17(68)

1800 | 1725|-1
degree: 31 | 3
eff size: 18.612903225806452 | 2.666666666666667
constraint: 0.061601095778994155 | 0.3431283187285521
community: 5(285) | 5(285)

3561 | 1103|-1
degree: 656 | 21
eff size: 608.4687500000005 | 12.523809523809524
constraint: 0.016793554262731276 | 0.12418081417762768
community: 2(481) | 4(290)

3742 | 3699|-1
degree: 6 | 2
eff size: 4.500000000000001 | -1
constraint: 0.2246070675465312 | 0.591040553841133
community: 2(481) | 2(481)

5378 | 5459|0
degree: 17 | 90
eff size: 11.911764705882351 | 44.45555555555553
constraint: 0.10053665557958151 | 0.04064820172718868
community: 5(285) | 5(285)

5872 | 3916|-1
degree: 4 | 1
eff size: 3.0 | -1
constraint: 0.375 | 1.0
community: 14(73) | 14(73)

3561 | 10628|-1
degree: 656 | 2
eff size: 608.4687500000005 | -1
constraint: 0.016793554262731276 | 0.5027989765864311
community: 2(481) | 2(481)

701 | 6143|-1
degree: 787 | 2
eff size: 749.9027954256691 | -1
constraint: 0.012079179134080941 | 0.5
community: 1(576) | 3(388)

10972 | 6579|-1
degree: 3 | 3
eff size: 2.3333333333333335 | 1.1666666666666667
constraint: 0.6697530864197532 | 0.8549382716049381
community: 12(89) | 12(89)

4534 | 2044|-1
degree: 18 | 5
eff size: 15.500000000000002 | 4.2
constraint: 0.0985074157444358 | 0.21006151013417415
community: 2(481) | 2(481)

8593 | 5407|-1
degree: 3 | 2
eff size: 3.0 | -1
constraint: 0.3333333333333333 | 0.5
community: 5(285) | 5(285)

5696 | 7037|-1
degree: 71 | 9
eff size: 56.84507042253522 | 8.055555555555557
constraint: 0.028239761504462172 | 0.12460879806735589
community: 16(69) | 14(73)

6467 | 10769|-1
degree: 29 | 2
eff size: 23.06896551724138 | -1
constraint: 0.061533457108295886 | 0.5181743721227202
community: 1(576) | 1(576)

4911 | 10959|-1
degree: 4 | 2
eff size: 3.5 | -1
constraint: 0.25149174893534537 | 0.5
community: 1(576) | 1(576)

3300 | 5466|-1
degree: 56 | 3
eff size: 39.23214285714286 | 3.0
constraint: 0.038216080040508506 | 0.3333333333333333
community: 4(290) | 4(290)

3300 | 5400|0
degree: 56 | 29
eff size: 39.23214285714286 | 22.844827586206893
constraint: 0.038216080040508506 | 0.059089233358101644
community: 4(290) | 5(285)

2493 | 7794|-1
degree: 20 | 1
eff size: 19.85 | -1
constraint: 0.05021917069510422 | 1.0
community: 12(89) | 12(89)

7501 | 7668|-1
degree: 8 | 2
eff size: 7.3125 | -1
constraint: 0.15231899965564738 | 0.5691917438271605
community: 10(120) | 10(120)

816 | 6327|-1
degree: 22 | 10
eff size: 21.295454545454543 | 9.0
constraint: 0.06551213063939598 | 0.14411811035295258
community: 12(89) | 12(89)

3561 | 8120|-1
degree: 656 | 3
eff size: 608.4687500000005 | -1
constraint: 0.016793554262731276 | 0.3416197172795971
community: 2(481) | 16(69)

1667 | 4252|-1
degree: 6 | 1
eff size: 6.0 | -1
constraint: 0.16666666666666669 | 1.0
community: 3(388) | 3(388)

8472 | 8442|-1
degree: 4 | 2
eff size: 3.125 | -1
constraint: 0.28111577005879584 | 0.5
community: 5(285) | 5(285)

2548 | 6196|0
degree: 181 | 22
eff size: 152.18232044198882 | 10.09090909090909
constraint: 0.025484493264409592 | 0.09251618968450098
community: 1(576) | 3(388)

6509 | 852|-1
degree: 10 | 9
eff size: 9.0 | 9.0
constraint: 0.12000000000000005 | 0.1111111111111111
community: 12(89) | 12(89)

701 | 3994|-1
degree: 787 | 2
eff size: 749.9027954256691 | -1
constraint: 0.012079179134080941 | 0.5027989765864311
community: 1(576) | 2(481)

2514 | 7523|-1
degree: 11 | 2
eff size: 9.318181818181818 | -1
constraint: 0.12393566529726685 | 0.5
community: 10(120) | 10(120)

2820 | 8701|-1
degree: 2 | 1
eff size: 2.0 | -1
constraint: 0.5 | 1.0
community: 7(149) | 7(149)

2497 | 7668|-1
degree: 180 | 2
eff size: 101.72222222222223 | -1
constraint: 0.02648681881740085 | 0.5691917438271605
community: 10(120) | 10(120)

6113 | 6172|-1
degree: 53 | 24
eff size: 39.13207547169812 | 10.020833333333334
constraint: 0.044597918969326314 | 0.08617862688728109
community: 17(68) | 3(388)

6115 | 7026|-1
degree: 2 | 2
eff size: 2.0 | -1
constraint: 0.5 | 0.5
community: 1(576) | 1(576)

1778 | 4109|-1
degree: 3 | 1
eff size: 3.0 | -1
constraint: 0.3333333333333333 | 1.0
community: 3(388) | 3(388)

3561 | 6465|-1
degree: 656 | 2
eff size: 608.4687500000005 | -1
constraint: 0.016793554262731276 | 0.503719685965333
community: 2(481) | 2(481)

4600 | 3582|-1
degree: 5 | 3
eff size: 4.6 | 2.0
constraint: 0.200447836253829 | 0.5555555555555556
community: 3(388) | 3(388)

1280 | 5669|-1
degree: 21 | 14
eff size: 11.071428571428573 | 8.17857142857143
constraint: 0.09765343168608683 | 0.12041530733483749
community: 3(388) | 5(285)

1270 | 8602|-1
degree: 6 | 2
eff size: 5.583333333333334 | -1
constraint: 0.17480794662618138 | 0.5
community: 5(285) | 5(285)

7618 | 7532|-1
degree: 2 | 1
eff size: 2.0 | -1
constraint: 0.5 | 1.0
community: 5(285) | 5(285)

5556 | 1257|-1
degree: 16 | 13
eff size: 9.90625 | 8.730769230769232
constraint: 0.13446597213229217 | 0.1345442391728985
community: 4(290) | 4(290)

3409 | 7594|0
degree: 3 | 22
eff size: 2.0 | 12.431818181818183
constraint: 0.5555555555555556 | 0.09378167704721876
community: 6(213) | 6(213)

1740 | 1746|0
degree: 135 | 17
eff size: 84.85925925925925 | 4.647058823529412
constraint: 0.03436991648411327 | 0.12204968441951296
community: 3(388) | 3(388)

3527 | 10748|-1
degree: 5 | 2
eff size: 4.0 | -1
constraint: 0.28 | 0.5
community: 1(576) | 1(576)

1 | 3564|-1
degree: 214 | 6
eff size: 194.78971962616822 | 4.416666666666667
constraint: 0.02730875226271928 | 0.2114893062394183
community: 1(576) | 2(481)

1136 | 1890|0
degree: 20 | 14
eff size: 15.125 | 8.892857142857144
constraint: 0.10393142006802722 | 0.17209018438606208
community: 4(290) | 4(290)

4778 | 9283|-1
degree: 6 | 2
eff size: 5.833333333333334 | -1
constraint: 0.17201737653431964 | 0.5
community: 6(213) | 6(213)

701 | 11038|-1
degree: 787 | 2
eff size: 749.9027954256691 | 2.0
constraint: 0.012079179134080941 | 0.5
community: 1(576) | 1(576)

145 | 210|-1
degree: 49 | 2
eff size: 36.30612244897959 | -1
constraint: 0.04010121769129523 | 0.5
community: 8(149) | 8(149)

8404 | 8281|-1
degree: 3 | 2
eff size: 3.0 | -1
constraint: 0.3333333333333333 | 0.5
community: 4(290) | 4(290)

701 | 6388|-1
degree: 787 | 4
eff size: 749.9027954256691 | 3.25
constraint: 0.012079179134080941 | 0.2578504777710751
community: 1(576) | 17(68)

1221 | 9267|-1
degree: 49 | 2
eff size: 47.27551020408163 | -1
constraint: 0.03315965438462233 | 0.5425347674146189
community: 6(213) | 6(213)

1 | 3739|0
degree: 214 | 5
eff size: 194.78971962616822 | 2.4
constraint: 0.02730875226271928 | 0.28469212629109997
community: 1(576) | 1(576)

3257 | 8560|-1
degree: 28 | 3
eff size: 18.625 | -1
constraint: 0.05967614110515836 | 0.3333333333333333
community: 5(285) | 5(285)

701 | 5939|-1
degree: 787 | 1
eff size: 749.9027954256691 | -1
constraint: 0.012079179134080941 | 1.0
community: 1(576) | 1(576)

2497 | 7664|-1
degree: 180 | 1
eff size: 101.72222222222223 | -1
constraint: 0.02648681881740085 | 1.0
community: 10(120) | 10(120)

10334 | 7182|-1
degree: 4 | 2
eff size: 2.5 | -1
constraint: 0.25514194731450834 | 0.5
community: 1(576) | 1(576)

4717 | 3363|-1
degree: 4 | 3
eff size: 4.0 | -1
constraint: 0.25 | 0.3333333333333333
community: 6(213) | 6(213)

3561 | 11040|-1
degree: 656 | 2
eff size: 608.4687500000005 | -1
constraint: 0.016793554262731276 | 0.503719685965333
community: 2(481) | 2(481)

10866 | 7910|-1
degree: 2 | 2
eff size: 2.0 | -1
constraint: 0.5 | 0.5
community: 15(71) | 15(71)

6198 | 3996|-1
degree: 5 | 4
eff size: 4.4 | -1
constraint: 0.20502430577348807 | 0.25
community: 17(68) | 17(68)

174 | 10415|-1
degree: 80 | 2
eff size: 47.10000000000001 | -1
constraint: 0.04121740497988625 | 0.5
community: 14(73) | 14(73)

2118 | 3315|-1
degree: 29 | 3
eff size: 26.620689655172413 | -1
constraint: 0.0477986890554325 | 0.3959048596810034
community: 9(136) | 9(136)

3561 | 11013|-1
degree: 656 | 2
eff size: 608.4687500000005 | -1
constraint: 0.016793554262731276 | 0.5027989765864311
community: 2(481) | 2(481)

2548 | 8717|-1
degree: 181 | 1
eff size: 152.18232044198882 | -1
constraint: 0.025484493264409592 | 1.0
community: 1(576) | 1(576)

4544 | 6478|0
degree: 19 | 27
eff size: 4.447368421052633 | 8.648148148148149
constraint: 0.1272475094355608 | 0.10481889424197022
community: 3(388) | 3(388)

5594 | 8423|0
degree: 8 | 3
eff size: 5.5 | 1.1666666666666667
constraint: 0.2217328714788761 | 0.648179012345679
community: 4(290) | 4(290)

3727 | 6530|-1
degree: 4 | 1
eff size: 4.0 | -1
constraint: 0.25 | 1.0
community: 2(481) | 2(481)

2529 | 8539|0
degree: 18 | 3
eff size: 11.083333333333332 | 2.0
constraint: 0.10152168447036708 | 0.5555555555555556
community: 5(285) | 5(285)

2548 | 8685|-1
degree: 181 | 2
eff size: 152.18232044198882 | -1
constraint: 0.025484493264409592 | 0.5793006742088185
community: 1(576) | 1(576)

1916 | 6543|-1
degree: 6 | 3
eff size: 6.0 | -1
constraint: 0.16666666666666669 | 0.37873582766439906
community: 7(149) | 7(149)

7314 | 4369|-1
degree: 4 | 1
eff size: 3.5 | -1
constraint: 0.2506997441466078 | 1.0
community: 1(576) | 1(576)

7594 | 10303|-1
degree: 22 | 18
eff size: 12.431818181818183 | 12.277777777777779
constraint: 0.09378167704721876 | 0.10015945541356046
community: 6(213) | 3(388)

1740 | 7203|-1
degree: 135 | 3
eff size: 84.85925925925925 | -1
constraint: 0.03436991648411327 | 0.34531487706830777
community: 3(388) | 3(388)

701 | 6451|-1
degree: 787 | 3
eff size: 749.9027954256691 | -1
constraint: 0.012079179134080941 | 0.3377777791672892
community: 1(576) | 2(481)

701 | 6973|-1
degree: 787 | 2
eff size: 749.9027954256691 | -1
constraint: 0.012079179134080941 | 0.511797436188024
community: 1(576) | 3(388)

701 | 8697|-1
degree: 787 | 2
eff size: 749.9027954256691 | 2.0
constraint: 0.012079179134080941 | 0.5
community: 1(576) | 7(149)

6755 | 8685|-1
degree: 7 | 2
eff size: 6.5 | -1
constraint: 0.16923382506715254 | 0.5793006742088185
community: 1(576) | 1(576)

2549 | 3484|0
degree: 4 | 4
eff size: 3.0 | 2.5
constraint: 0.375 | 0.49394132653061223
community: 18(59) | 18(59)

10514 | 6967|-1
degree: 5 | 2
eff size: 3.4000000000000004 | -1
constraint: 0.28410376269989857 | 0.5
community: 1(576) | 1(576)

6082 | 3803|-1
degree: 10 | 6
eff size: 5.550000000000001 | 4.916666666666667
constraint: 0.18779423690171773 | 0.2090589130468734
community: 1(576) | 2(481)

3381 | 8174|0
degree: 3 | 3
eff size: 2.0 | 2.0
constraint: 0.5555555555555556 | 0.5555555555555556
community: 14(73) | 14(73)

1717 | 6681|0
degree: 25 | 5
eff size: 24.0 | 2.7
constraint: 0.04319999999999999 | 0.39506944444444453
community: 11(110) | 11(110)

2041 | 6453|0
degree: 57 | 74
eff size: 41.23684210526315 | 69.16216216216213
constraint: 0.04560088833787576 | 0.022298815015895906
community: 1(576) | 7(149)

5400 | 6679|0
degree: 29 | 10
eff size: 22.844827586206893 | 7.250000000000001
constraint: 0.059089233358101644 | 0.16902230263885182
community: 5(285) | 11(110)

3303 | 8231|-1
degree: 23 | 2
eff size: 21.826086956521742 | -1
constraint: 0.04799861000457335 | 0.5
community: 4(290) | 5(285)

297 | 1800|0
degree: 47 | 31
eff size: 24.59574468085107 | 18.612903225806452
constraint: 0.04837060808664932 | 0.061601095778994155
community: 3(388) | 5(285)

2548 | 10960|-1
degree: 181 | 2
eff size: 152.18232044198882 | -1
constraint: 0.025484493264409592 | 0.506827648554142
community: 1(576) | 1(576)

1239 | 1879|-1
degree: 457 | 1
eff size: 420.13129102844607 | -1
constraint: 0.02315574985880199 | 1.0
community: 2(481) | 2(481)

5519 | 8680|-1
degree: 9 | 2
eff size: 6.444444444444445 | 2.0
constraint: 0.1740823604214012 | 0.5
community: 5(285) | 5(285)

3302 | 5395|-1
degree: 18 | 2
eff size: 15.833333333333336 | -1
constraint: 0.10209211354238196 | 0.5
community: 4(290) | 4(290)

1717 | 1304|-1
degree: 25 | 1
eff size: 24.0 | -1
constraint: 0.04319999999999999 | 1.0
community: 11(110) | 11(110)

6742 | 7018|0
degree: 11 | 49
eff size: 5.272727272727273 | 48.0
constraint: 0.20064462978562653 | 0.02124114952103291
community: 4(290) | 15(71)

6347 | 10985|-1
degree: 46 | 2
eff size: 45.05434782608697 | -1
constraint: 0.04935800119536075 | 0.5
community: 1(576) | 3(388)

3269 | 3228|-1
degree: 4 | 4
eff size: 3.625 | -1
constraint: 0.2915625 | 0.305196326133181
community: 4(290) | 4(290)

1239 | 11004|-1
degree: 457 | 2
eff size: 420.13129102844607 | -1
constraint: 0.02315574985880199 | 0.5913730667185915
community: 2(481) | 2(481)

5646 | 7336|0
degree: 64 | 3
eff size: 51.3515625 | 1.0
constraint: 0.0333766988155031 | 0.5710086547144038
community: 8(149) | 8(149)

3493 | 851|-1
degree: 7 | 2
eff size: 6.214285714285714 | 2.0
constraint: 0.18161950858312384 | 0.5
community: 12(89) | 7(149)

1239 | 7288|-1
degree: 457 | 3
eff size: 420.13129102844607 | 2.0
constraint: 0.02315574985880199 | 0.5555555555555556
community: 2(481) | 17(68)

1717 | 2477|-1
degree: 25 | 1
eff size: 24.0 | -1
constraint: 0.04319999999999999 | 1.0
community: 11(110) | 11(110)

3449 | 5745|-1
degree: 2 | 2
eff size: 2.0 | -1
constraint: 0.5 | 0.5
community: 15(71) | 15(71)

6467 | 10959|-1
degree: 29 | 2
eff size: 23.06896551724138 | -1
constraint: 0.061533457108295886 | 0.5
community: 1(576) | 1(576)

7569 | 7573|-1
degree: 2 | 2
eff size: 2.0 | -1
constraint: 0.5 | 0.5
community: 6(213) | 6(213)

3561 | 8584|-1
degree: 656 | 7
eff size: 608.4687500000005 | 7.0
constraint: 0.016793554262731276 | 0.14285714285714285
community: 2(481) | 5(285)

3320 | 6453|0
degree: 29 | 74
eff size: 19.75862068965517 | 69.16216216216213
constraint: 0.05650893190775932 | 0.022298815015895906
community: 5(285) | 7(149)

2917 | 3215|-1
degree: 15 | 21
eff size: 10.100000000000001 | 19.642857142857142
constraint: 0.11421105153387408 | 0.0651291215447683
community: 4(290) | 4(290)

268 | 3527|0
degree: 3 | 5
eff size: 2.0 | 4.0
constraint: 0.5555555555555556 | 0.28
community: 1(576) | 1(576)

5671 | 5674|-1
degree: 8 | 4
eff size: 4.125 | 4.0
constraint: 0.23476403985660615 | 0.25
community: 17(68) | 17(68)

1667 | 3358|-1
degree: 6 | 1
eff size: 6.0 | -1
constraint: 0.16666666666666669 | 1.0
community: 3(388) | 3(388)

3804 | 7992|-1
degree: 6 | 3
eff size: 6.0 | -1
constraint: 0.16666666666666669 | 0.3333333333333333
community: 12(89) | 12(89)

701 | 10960|-1
degree: 787 | 2
eff size: 749.9027954256691 | -1
constraint: 0.012079179134080941 | 0.506827648554142
community: 1(576) | 1(576)

701 | 2917|-1
degree: 787 | 15
eff size: 749.9027954256691 | 10.100000000000001
constraint: 0.012079179134080941 | 0.11421105153387408
community: 1(576) | 4(290)

3255 | 3261|-1
degree: 3 | 3
eff size: 3.0 | -1
constraint: 0.3333333333333333 | 0.39679012345679004
community: 21(31) | 21(31)

6196 | 8192|-1
degree: 22 | 3
eff size: 10.09090909090909 | -1
constraint: 0.09251618968450098 | 0.39679012345679004
community: 3(388) | 21(31)

701 | 10404|-1
degree: 787 | 2
eff size: 749.9027954256691 | -1
constraint: 0.012079179134080941 | 0.513928512576913
community: 1(576) | 14(73)

1 | 2041|0
degree: 214 | 57
eff size: 194.78971962616822 | 41.23684210526315
constraint: 0.02730875226271928 | 0.04560088833787576
community: 1(576) | 1(576)

1717 | 2471|-1
degree: 25 | 1
eff size: 24.0 | -1
constraint: 0.04319999999999999 | 1.0
community: 11(110) | 11(110)

702 | 5409|0
degree: 101 | 20
eff size: 84.64851485148515 | 9.75
constraint: 0.018641940849454464 | 0.1009201382362806
community: 4(290) | 3(388)

4200 | 10539|-1
degree: 96 | 3
eff size: 76.41666666666669 | -1
constraint: 0.03376486542764864 | 0.33857663830578844
community: 1(576) | 1(576)

1239 | 3361|-1
degree: 457 | 4
eff size: 420.13129102844607 | 2.375
constraint: 0.02315574985880199 | 0.3026354008731972
community: 2(481) | 2(481)

701 | 5798|-1
degree: 787 | 2
eff size: 749.9027954256691 | -1
constraint: 0.012079179134080941 | 0.5262607276518522
community: 1(576) | 3(388)

4755 | 4758|-1
degree: 5 | 2
eff size: 4.6 | -1
constraint: 0.20640491309707304 | 0.5
community: 7(149) | 7(149)

1273 | 6659|-1
degree: 21 | 2
eff size: 16.642857142857142 | -1
constraint: 0.07272806488898986 | 0.5
community: 5(285) | 5(285)

2548 | 3384|0
degree: 181 | 19
eff size: 152.18232044198882 | 16.868421052631582
constraint: 0.025484493264409592 | 0.07214764800925422
community: 1(576) | 20(36)

1239 | 11003|-1
degree: 457 | 2
eff size: 420.13129102844607 | -1
constraint: 0.02315574985880199 | 0.503719685965333
community: 2(481) | 2(481)

1800 | 2027|-1
degree: 31 | 2
eff size: 18.612903225806452 | -1
constraint: 0.061601095778994155 | 0.5
community: 5(285) | 5(285)

6196 | 8137|-1
degree: 22 | 4
eff size: 10.09090909090909 | -1
constraint: 0.09251618968450098 | 0.26586408670369766
community: 3(388) | 3(388)

4651 | 7616|-1
degree: 10 | 2
eff size: 10.0 | -1
constraint: 0.10000000000000003 | 0.5
community: 7(149) | 7(149)

2118 | 8691|-1
degree: 29 | 1
eff size: 26.620689655172413 | -1
constraint: 0.0477986890554325 | 1.0
community: 9(136) | 9(136)

6371 | 7997|-1
degree: 7 | 3
eff size: 5.5 | 3.0
constraint: 0.19299069232392418 | 0.3333333333333333
community: 7(149) | 7(149)

701 | 6197|-1
degree: 787 | 3
eff size: 749.9027954256691 | -1
constraint: 0.012079179134080941 | 0.347289738259689
community: 1(576) | 17(68)

701 | 11035|-1
degree: 787 | 2
eff size: 749.9027954256691 | -1
constraint: 0.012079179134080941 | 0.5087345396688197
community: 1(576) | 3(388)

7892 | 4454|-1
degree: 3 | 5
eff size: 3.0 | -1
constraint: 0.3333333333333333 | 0.20000000000000004
community: 17(68) | 17(68)

1673 | 1668|-1
degree: 103 | 2
eff size: 61.36407766990292 | -1
constraint: 0.03250897892004274 | 0.5113297114645091
community: 3(388) | 3(388)

6113 | 8100|-1
degree: 53 | 2
eff size: 39.13207547169812 | -1
constraint: 0.044597918969326314 | 0.5
community: 17(68) | 17(68)

1717 | 1724|-1
degree: 25 | 1
eff size: 24.0 | -1
constraint: 0.04319999999999999 | 1.0
community: 11(110) | 11(110)

701 | 7342|-1
degree: 787 | 2
eff size: 749.9027954256691 | -1
constraint: 0.012079179134080941 | 0.5027989765864311
community: 1(576) | 2(481)

5417 | 8209|-1
degree: 13 | 4
eff size: 10.0 | 2.25
constraint: 0.20505729765486358 | 0.4251292174834895
community: 4(290) | 4(290)

7474 | 7475|-1
degree: 15 | 2
eff size: 14.866666666666667 | -1
constraint: 0.06737492552174722 | 0.5
community: 6(213) | 6(213)

7603 | 7635|-1
degree: 3 | 2
eff size: 2.5 | -1
constraint: 0.38680364662871947 | 0.5
community: 6(213) | 6(213)

4923 | 10784|-1
degree: 7 | 1
eff size: 6.714285714285715 | -1
constraint: 0.14334424455031683 | 1.0
community: 16(69) | 16(69)

5378 | 8213|-1
degree: 17 | 1
eff size: 11.911764705882351 | -1
constraint: 0.10053665557958151 | 1.0
community: 5(285) | 5(285)

6381 | 3996|-1
degree: 4 | 4
eff size: 3.25 | -1
constraint: 0.2578504777710751 | 0.25
community: 17(68) | 17(68)

8271 | 6776|-1
degree: 2 | 3
eff size: 2.0 | -1
constraint: 0.5 | 0.3333333333333333
community: 4(290) | 4(290)

8680 | 8681|-1
degree: 2 | 1
eff size: 2.0 | -1
constraint: 0.5 | 1.0
community: 5(285) | 5(285)

5678 | 7288|0
degree: 4 | 3
eff size: 3.0 | 2.0
constraint: 0.375 | 0.5555555555555556
community: 17(68) | 17(68)

1667 | 6805|-1
degree: 6 | 9
eff size: 6.0 | 5.222222222222222
constraint: 0.16666666666666669 | 0.19709952751105012
community: 3(388) | 4(290)

1239 | 7912|-1
degree: 457 | 2
eff size: 420.13129102844607 | -1
constraint: 0.02315574985880199 | 0.503719685965333
community: 2(481) | 2(481)

1717 | 1719|-1
degree: 25 | 1
eff size: 24.0 | -1
constraint: 0.04319999999999999 | 1.0
community: 11(110) | 11(110)

3216 | 3316|-1
degree: 11 | 10
eff size: 10.0 | 8.4
constraint: 0.10743801652892562 | 0.14579499731281081
community: 9(136) | 9(136)

3561 | 3699|-1
degree: 656 | 2
eff size: 608.4687500000005 | -1
constraint: 0.016793554262731276 | 0.591040553841133
community: 2(481) | 2(481)

1239 | 4694|-1
degree: 457 | 22
eff size: 420.13129102844607 | 14.409090909090907
constraint: 0.02315574985880199 | 0.12996597802413737
community: 2(481) | 10(120)

1717 | 1309|-1
degree: 25 | 1
eff size: 24.0 | -1
constraint: 0.04319999999999999 | 1.0
community: 11(110) | 11(110)

5408 | 8700|-1
degree: 17 | 1
eff size: 16.0 | -1
constraint: 0.0657439446366782 | 1.0
community: 11(110) | 11(110)

194 | 104|-1
degree: 5 | 4
eff size: 2.9 | 3.25
constraint: 0.36692703537186055 | 0.3661259486787912
community: 8(149) | 8(149)

1239 | 11040|-1
degree: 457 | 2
eff size: 420.13129102844607 | -1
constraint: 0.02315574985880199 | 0.503719685965333
community: 2(481) | 2(481)

814 | 11079|-1
degree: 5 | 1
eff size: 5.0 | -1
constraint: 0.20000000000000004 | 1.0
community: 12(89) | 12(89)

1740 | 5050|-1
degree: 135 | 9
eff size: 84.85925925925925 | 9.0
constraint: 0.03436991648411327 | 0.1111111111111111
community: 3(388) | 15(71)

5727 | 7473|0
degree: 19 | 6
eff size: 15.736842105263158 | 5.0
constraint: 0.07138273572556285 | 0.2222222222222222
community: 6(213) | 6(213)

3300 | 5459|0
degree: 56 | 90
eff size: 39.23214285714286 | 44.45555555555553
constraint: 0.038216080040508506 | 0.04064820172718868
community: 4(290) | 5(285)

701 | 10265|-1
degree: 787 | 3
eff size: 749.9027954256691 | -1
constraint: 0.012079179134080941 | 0.3514095677168763
community: 1(576) | 3(388)

1717 | 1938|-1
degree: 25 | 1
eff size: 24.0 | -1
constraint: 0.04319999999999999 | 1.0
community: 11(110) | 11(110)

3343 | 2683|-1
degree: 19 | 7
eff size: 16.263157894736842 | 6.714285714285715
constraint: 0.08573668967566715 | 0.19387755102040813
community: 9(136) | 9(136)

1136 | 5484|0
degree: 20 | 8
eff size: 15.125 | 5.4375
constraint: 0.10393142006802722 | 0.23419844530949635
community: 4(290) | 4(290)

5683 | 8544|-1
degree: 46 | 2
eff size: 33.67391304347826 | -1
constraint: 0.04196718145736998 | 0.5
community: 5(285) | 4(290)

701 | 6128|-1
degree: 787 | 3
eff size: 749.9027954256691 | -1
constraint: 0.012079179134080941 | 0.3377777791672892
community: 1(576) | 2(481)

3302 | 6684|0
degree: 18 | 8
eff size: 15.833333333333336 | 6.375
constraint: 0.10209211354238196 | 0.24170524691358025
community: 4(290) | 4(290)

702 | 8703|-1
degree: 101 | 2
eff size: 84.64851485148515 | -1
constraint: 0.018641940849454464 | 0.5
community: 4(290) | 4(290)

174 | 7226|0
degree: 80 | 3
eff size: 47.10000000000001 | 2.0
constraint: 0.04121740497988625 | 0.5555555555555556
community: 14(73) | 3(388)

10637 | 8386|-1
degree: 4 | 3
eff size: 4.0 | -1
constraint: 0.25 | 0.3333333333333333
community: 24(9) | 24(9)

5400 | 8472|-1
degree: 29 | 4
eff size: 22.844827586206893 | 3.125
constraint: 0.059089233358101644 | 0.28111577005879584
community: 5(285) | 5(285)

5459 | 8252|0
degree: 90 | 3
eff size: 44.45555555555553 | 2.0
constraint: 0.04064820172718868 | 0.5555555555555556
community: 5(285) | 5(285)

701 | 10811|-1
degree: 787 | 2
eff size: 749.9027954256691 | -1
constraint: 0.012079179134080941 | 0.5
community: 1(576) | 16(69)

2686 | 8620|-1
degree: 20 | 2
eff size: 15.749999999999998 | -1
constraint: 0.07655227263018499 | 0.5
community: 4(290) | 4(290)

3561 | 10995|-1
degree: 656 | 2
eff size: 608.4687500000005 | -1
constraint: 0.016793554262731276 | 0.5027989765864311
community: 2(481) | 2(481)

1717 | 1715|-1
degree: 25 | 1
eff size: 24.0 | -1
constraint: 0.04319999999999999 | 1.0
community: 11(110) | 11(110)

701 | 10628|-1
degree: 787 | 2
eff size: 749.9027954256691 | -1
constraint: 0.012079179134080941 | 0.5027989765864311
community: 1(576) | 2(481)

7157 | 8065|-1
degree: 3 | 1
eff size: 2.3333333333333335 | -1
constraint: 0.33857663830578844 | 1.0
community: 1(576) | 1(576)

286 | 3257|0
degree: 117 | 28
eff size: 61.67094017094016 | 18.625
constraint: 0.034347959362860114 | 0.05967614110515836
community: 3(388) | 5(285)

1273 | 6779|0
degree: 21 | 4
eff size: 16.642857142857142 | 3.0
constraint: 0.07272806488898986 | 0.375
community: 5(285) | 5(285)

8517 | 8363|-1
degree: 5 | 3
eff size: 5.0 | 3.0
constraint: 0.20000000000000004 | 0.3333333333333333
community: 24(9) | 24(9)

5623 | 6905|0
degree: 9 | 6
eff size: 5.0 | 3.5
constraint: 0.20987654320987653 | 0.300057429992662
community: 4(290) | 4(290)

5459 | 6728|0
degree: 90 | 8
eff size: 44.45555555555553 | 6.4375
constraint: 0.04064820172718868 | 0.17428403605450896
community: 5(285) | 5(285)

3300 | 6762|0
degree: 56 | 20
eff size: 39.23214285714286 | 16.775
constraint: 0.038216080040508506 | 0.07060608001939246
community: 4(290) | 7(149)

1717 | 2478|-1
degree: 25 | 1
eff size: 24.0 | -1
constraint: 0.04319999999999999 | 1.0
community: 11(110) | 11(110)

6685 | 8561|-1
degree: 9 | 2
eff size: 8.833333333333334 | 2.0
constraint: 0.1189216614553515 | 0.5
community: 5(285) | 5(285)

1103 | 3333|-1
degree: 21 | 51
eff size: 12.523809523809524 | 25.627450980392158
constraint: 0.12418081417762768 | 0.05947118604285511
community: 4(290) | 4(290)

5568 | 8599|-1
degree: 24 | 1
eff size: 23.687499999999996 | -1
constraint: 0.054932634186587344 | 1.0
community: 9(136) | 9(136)

6889 | 8272|-1
degree: 11 | 6
eff size: 8.363636363636363 | 4.5
constraint: 0.1610196452579424 | 0.23507680622158733
community: 5(285) | 5(285)

701 | 7736|-1
degree: 787 | 3
eff size: 749.9027954256691 | 2.3333333333333335
constraint: 0.012079179134080941 | 0.3345773229273027
community: 1(576) | 1(576)

7474 | 9261|-1
degree: 15 | 2
eff size: 14.866666666666667 | -1
constraint: 0.06737492552174722 | 0.5
community: 6(213) | 6(213)

4565 | 6508|-1
degree: 30 | 2
eff size: 15.366666666666667 | -1
constraint: 0.07746271165028139 | 0.5
community: 3(388) | 3(388)

4200 | 4544|0
degree: 96 | 19
eff size: 76.41666666666669 | 4.447368421052633
constraint: 0.03376486542764864 | 0.1272475094355608
community: 1(576) | 3(388)

5727 | 4134|-1
degree: 19 | 8
eff size: 15.736842105263158 | 7.375
constraint: 0.07138273572556285 | 0.13273650212483318
community: 6(213) | 6(213)

5671 | 7594|0
degree: 8 | 22
eff size: 4.125 | 12.431818181818183
constraint: 0.23476403985660615 | 0.09378167704721876
community: 17(68) | 6(213)

702 | 3286|-1
degree: 101 | 7
eff size: 84.64851485148515 | 4.357142857142857
constraint: 0.018641940849454464 | 0.2312294511532336
community: 4(290) | 5(285)

3302 | 8224|-1
degree: 18 | 2
eff size: 15.833333333333336 | -1
constraint: 0.10209211354238196 | 0.5335243851667895
community: 4(290) | 4(290)

703 | 7589|-1
degree: 11 | 2
eff size: 9.590909090909092 | -1
constraint: 0.11438962979015546 | 0.5
community: 6(213) | 6(213)

701 | 600|-1
degree: 787 | 11
eff size: 749.9027954256691 | 7.181818181818181
constraint: 0.012079179134080941 | 0.14535711305763815
community: 1(576) | 8(149)

7498 | 7603|-1
degree: 5 | 3
eff size: 4.0 | 2.5
constraint: 0.2766823494325924 | 0.38680364662871947
community: 6(213) | 6(213)

702 | 8671|-1
degree: 101 | 1
eff size: 84.64851485148515 | -1
constraint: 0.018641940849454464 | 1.0
community: 4(290) | 4(290)

5681 | 5675|-1
degree: 2 | 2
eff size: 2.0 | -1
constraint: 0.5 | 0.5
community: 17(68) | 17(68)

851 | 5769|-1
degree: 2 | 3
eff size: 2.0 | -1
constraint: 0.5 | 0.3368434219819735
community: 7(149) | 7(149)

8499 | 8509|-1
degree: 3 | 2
eff size: 3.0 | -1
constraint: 0.3333333333333333 | 0.5
community: 11(110) | 11(110)

7514 | 4705|-1
degree: 2 | 2
eff size: 2.0 | -1
constraint: 0.5 | 0.5
community: 10(120) | 10(120)

3804 | 5690|-1
degree: 6 | 1
eff size: 6.0 | -1
constraint: 0.16666666666666669 | 1.0
community: 12(89) | 12(89)

3561 | 7087|-1
degree: 656 | 2
eff size: 608.4687500000005 | 2.0
constraint: 0.016793554262731276 | 0.5
community: 2(481) | 2(481)

10637 | 6460|-1
degree: 4 | 2
eff size: 4.0 | -1
constraint: 0.25 | 0.5
community: 24(9) | 24(9)

3300 | 6905|-1
degree: 56 | 6
eff size: 39.23214285714286 | 3.5
constraint: 0.038216080040508506 | 0.300057429992662
community: 4(290) | 4(290)

2529 | 5459|0
degree: 18 | 90
eff size: 11.083333333333332 | 44.45555555555553
constraint: 0.10152168447036708 | 0.04064820172718868
community: 5(285) | 5(285)

3320 | 8373|-1
degree: 29 | 3
eff size: 19.75862068965517 | -1
constraint: 0.05650893190775932 | 0.3333333333333333
community: 5(285) | 5(285)

8228 | 5594|-1
degree: 6 | 8
eff size: 6.0 | 5.5
constraint: 0.16666666666666669 | 0.2217328714788761
community: 4(290) | 4(290)

297 | 3491|0
degree: 47 | 52
eff size: 24.59574468085107 | 38.11538461538462
constraint: 0.04837060808664932 | 0.04399751401404566
community: 3(388) | 3(388)

7018 | 10319|-1
degree: 49 | 2
eff size: 48.0 | -1
constraint: 0.02124114952103291 | 0.5
community: 15(71) | 15(71)

5568 | 8597|-1
degree: 24 | 1
eff size: 23.687499999999996 | -1
constraint: 0.054932634186587344 | 1.0
community: 9(136) | 9(136)

1717 | 1725|-1
degree: 25 | 3
eff size: 24.0 | 2.666666666666667
constraint: 0.04319999999999999 | 0.3431283187285521
community: 11(110) | 5(285)

1198 | 2611|-1
degree: 4 | 6
eff size: 2.25 | 4.5
constraint: 0.4100853883219954 | 0.24450187443710647
community: 4(290) | 4(290)

1717 | 1300|-1
degree: 25 | 1
eff size: 24.0 | -1
constraint: 0.04319999999999999 | 1.0
community: 11(110) | 11(110)

6679 | 1930|-1
degree: 10 | 5
eff size: 7.250000000000001 | 4.7
constraint: 0.16902230263885182 | 0.21456648861458133
community: 11(110) | 4(290)

3257 | 2131|-1
degree: 28 | 1
eff size: 18.625 | -1
constraint: 0.05967614110515836 | 1.0
community: 5(285) | 5(285)

2764 | 7716|-1
degree: 18 | 2
eff size: 17.11111111111111 | -1
constraint: 0.10434428405584747 | 0.5388575876306683
community: 6(213) | 6(213)

1239 | 613|-1
degree: 457 | 3
eff size: 420.13129102844607 | -1
constraint: 0.02315574985880199 | 0.3418099073102939
community: 2(481) | 1(576)

5568 | 8684|-1
degree: 24 | 1
eff size: 23.687499999999996 | -1
constraint: 0.054932634186587344 | 1.0
community: 9(136) | 9(136)

8355 | 8653|-1
degree: 4 | 1
eff size: 3.75 | -1
constraint: 0.264697265625 | 1.0
community: 14(73) | 14(73)

5441 | 5449|0
degree: 9 | 2
eff size: 4.833333333333333 | 1.0
constraint: 0.2251181222374638 | 1.0
community: 11(110) | 11(110)

701 | 10956|-1
degree: 787 | 1
eff size: 749.9027954256691 | -1
constraint: 0.012079179134080941 | 1.0
community: 1(576) | 1(576)

5646 | 4319|-1
degree: 64 | 3
eff size: 51.3515625 | -1
constraint: 0.0333766988155031 | 0.3499677570203819
community: 8(149) | 8(149)

5671 | 5673|0
degree: 8 | 11
eff size: 4.125 | 10.0
constraint: 0.23476403985660615 | 0.10743801652892562
community: 17(68) | 17(68)

2516 | 4758|-1
degree: 40 | 2
eff size: 35.724999999999994 | -1
constraint: 0.12230122192719488 | 0.5
community: 10(120) | 7(149)

2764 | 9282|-1
degree: 18 | 1
eff size: 17.11111111111111 | -1
constraint: 0.10434428405584747 | 1.0
community: 6(213) | 6(213)

6888 | 8715|-1
degree: 3 | 2
eff size: 3.0 | -1
constraint: 0.3333333333333333 | 0.5
community: 5(285) | 5(285)

3576 | 4372|0
degree: 3 | 3
eff size: 2.0 | 2.0
constraint: 0.5555555555555556 | 0.5555555555555556
community: 15(71) | 15(71)

1239 | 11011|-1
degree: 457 | 1
eff size: 420.13129102844607 | -1
constraint: 0.02315574985880199 | 1.0
community: 2(481) | 2(481)

5409 | 5646|0
degree: 20 | 64
eff size: 9.75 | 51.3515625
constraint: 0.1009201382362806 | 0.0333766988155031
community: 3(388) | 8(149)

4651 | 7636|-1
degree: 10 | 1
eff size: 10.0 | -1
constraint: 0.10000000000000003 | 1.0
community: 7(149) | 7(149)

2551 | 4200|0
degree: 36 | 96
eff size: 18.319444444444443 | 76.41666666666669
constraint: 0.06514485000501805 | 0.03376486542764864
community: 3(388) | 1(576)

5727 | 4799|-1
degree: 19 | 3
eff size: 15.736842105263158 | -1
constraint: 0.07138273572556285 | 0.3333333333333333
community: 6(213) | 6(213)

7820 | 10554|-1
degree: 4 | 2
eff size: 4.0 | -1
constraint: 0.25 | 0.5
community: 8(149) | 8(149)

10303 | 10496|-1
degree: 18 | 2
eff size: 12.277777777777779 | -1
constraint: 0.10015945541356046 | 0.5
community: 3(388) | 3(388)

7594 | 4742|-1
degree: 22 | 4
eff size: 12.431818181818183 | 3.125
constraint: 0.09378167704721876 | 0.35484860749883473
community: 6(213) | 6(213)

2856 | 5482|-1
degree: 22 | 2
eff size: 19.09090909090909 | -1
constraint: 0.07865955073512401 | 0.5
community: 5(285) | 5(285)

104 | 5682|-1
degree: 4 | 4
eff size: 3.25 | 3.0
constraint: 0.3661259486787912 | 0.375
community: 8(149) | 17(68)

1221 | 7716|-1
degree: 49 | 2
eff size: 47.27551020408163 | -1
constraint: 0.03315965438462233 | 0.5388575876306683
community: 6(213) | 6(213)

800 | 6579|0
degree: 4 | 3
eff size: 2.375 | 1.1666666666666667
constraint: 0.576388888888889 | 0.8549382716049381
community: 12(89) | 12(89)

5696 | 7194|-1
degree: 71 | 6
eff size: 56.84507042253522 | 2.8333333333333335
constraint: 0.028239761504462172 | 0.2314840502526338
community: 16(69) | 8(149)

5623 | 6742|0
degree: 9 | 11
eff size: 5.0 | 5.272727272727273
constraint: 0.20987654320987653 | 0.20064462978562653
community: 4(290) | 4(290)

1126 | 1124|-1
degree: 2 | 1
eff size: 2.0 | -1
constraint: 0.5 | 1.0
community: 4(290) | 4(290)

1691 | 6987|-1
degree: 4 | 1
eff size: 4.0 | -1
constraint: 0.25 | 1.0
community: 2(481) | 2(481)

6453 | 6731|-1
degree: 74 | 6
eff size: 69.16216216216213 | 6.0
constraint: 0.022298815015895906 | 0.16666666666666669
community: 7(149) | 9(136)

3561 | 7912|-1
degree: 656 | 2
eff size: 608.4687500000005 | -1
constraint: 0.016793554262731276 | 0.503719685965333
community: 2(481) | 2(481)

1740 | 2685|0
degree: 135 | 51
eff size: 84.85925925925925 | 40.78431372549019
constraint: 0.03436991648411327 | 0.032319044392683356
community: 3(388) | 17(68)

5727 | 7474|-1
degree: 19 | 15
eff size: 15.736842105263158 | 14.866666666666667
constraint: 0.07138273572556285 | 0.06737492552174722
community: 6(213) | 6(213)

2548 | 10571|-1
degree: 181 | 2
eff size: 152.18232044198882 | -1
constraint: 0.025484493264409592 | 0.506827648554142
community: 1(576) | 1(576)

5568 | 8663|-1
degree: 24 | 1
eff size: 23.687499999999996 | -1
constraint: 0.054932634186587344 | 1.0
community: 9(136) | 9(136)

3561 | 6259|0
degree: 656 | 11
eff size: 608.4687500000005 | 3.3181818181818183
constraint: 0.016793554262731276 | 0.17210776379998804
community: 2(481) | 3(388)

6683 | 6681|-1
degree: 8 | 5
eff size: 4.0625 | 2.7
constraint: 0.26011278655586295 | 0.39506944444444453
community: 11(110) | 11(110)

701 | 6198|-1
degree: 787 | 5
eff size: 749.9027954256691 | 4.4
constraint: 0.012079179134080941 | 0.20502430577348807
community: 1(576) | 17(68)

5405 | 6823|0
degree: 5 | 2
eff size: 3.0 | 1.0
constraint: 0.3600000000000001 | 1.0
community: 5(285) | 5(285)

3058 | 6699|-1
degree: 6 | 1
eff size: 6.0 | -1
constraint: 0.16666666666666669 | 1.0
community: 9(136) | 9(136)

6912 | 3996|-1
degree: 2 | 4
eff size: 2.0 | -1
constraint: 0.5 | 0.25
community: 17(68) | 17(68)

6083 | 7154|-1
degree: 7 | 1
eff size: 5.2857142857142865 | -1
constraint: 0.24522144372783525 | 1.0
community: 7(149) | 7(149)

3447 | 2379|-1
degree: 6 | 3
eff size: 5.083333333333333 | 2.5
constraint: 0.24519022154181516 | 0.3739435852082628
community: 2(481) | 2(481)

701 | 6380|-1
degree: 787 | 4
eff size: 749.9027954256691 | 3.25
constraint: 0.012079179134080941 | 0.2578504777710751
community: 1(576) | 17(68)

2905 | 10331|0
degree: 26 | 3
eff size: 13.615384615384617 | 1.0
constraint: 0.10084856230460629 | 0.6857067718606179
community: 7(149) | 7(149)

3216 | 8342|0
degree: 11 | 14
eff size: 10.0 | 12.571428571428571
constraint: 0.10743801652892562 | 0.10518374917297878
community: 9(136) | 9(136)

3561 | 10850|-1
degree: 656 | 1
eff size: 608.4687500000005 | -1
constraint: 0.016793554262731276 | 1.0
community: 2(481) | 2(481)

2548 | 10997|-1
degree: 181 | 2
eff size: 152.18232044198882 | -1
constraint: 0.025484493264409592 | 0.5
community: 1(576) | 20(36)

5549 | 8319|0
degree: 6 | 4
eff size: 4.833333333333333 | 3.0
constraint: 0.225558439603684 | 0.375
community: 9(136) | 9(136)

3257 | 5413|0
degree: 28 | 110
eff size: 18.625 | 57.35454545454546
constraint: 0.05967614110515836 | 0.031958691144429216
community: 5(285) | 3(388)

5607 | 4589|-1
degree: 11 | 7
eff size: 6.727272727272727 | 4.2857142857142865
constraint: 0.176408238253954 | 0.24632213857112367
community: 4(290) | 5(285)

7018 | 8081|-1
degree: 49 | 2
eff size: 48.0 | -1
constraint: 0.02124114952103291 | 0.5
community: 15(71) | 15(71)

3845 | 7461|-1
degree: 2 | 1
eff size: 2.0 | -1
constraint: 0.5 | 1.0
community: 1(576) | 1(576)

702 | 8301|-1
degree: 101 | 2
eff size: 84.64851485148515 | -1
constraint: 0.018641940849454464 | 0.5
community: 4(290) | 4(290)

2764 | 7586|-1
degree: 18 | 16
eff size: 17.11111111111111 | 15.21875
constraint: 0.10434428405584747 | 0.10989403106553333
community: 6(213) | 6(213)

702 | 8640|-1
degree: 101 | 2
eff size: 84.64851485148515 | -1
constraint: 0.018641940849454464 | 0.5
community: 4(290) | 4(290)

701 | 10453|-1
degree: 787 | 2
eff size: 749.9027954256691 | -1
constraint: 0.012079179134080941 | 0.5027989765864311
community: 1(576) | 2(481)

5674 | 10787|-1
degree: 4 | 2
eff size: 4.0 | -1
constraint: 0.25 | 0.5
community: 17(68) | 17(68)

5405 | 8540|0
degree: 5 | 2
eff size: 3.0 | 1.0
constraint: 0.3600000000000001 | 1.0
community: 5(285) | 5(285)

10303 | 11041|-1
degree: 18 | 1
eff size: 12.277777777777779 | -1
constraint: 0.10015945541356046 | 1.0
community: 3(388) | 3(388)

4058 | 5413|0
degree: 14 | 110
eff size: 9.285714285714286 | 57.35454545454546
constraint: 0.10943551762274342 | 0.031958691144429216
community: 3(388) | 3(388)

1221 | 7607|-1
degree: 49 | 2
eff size: 47.27551020408163 | -1
constraint: 0.03315965438462233 | 0.5425347674146189
community: 6(213) | 6(213)

701 | 10530|-1
degree: 787 | 7
eff size: 749.9027954256691 | 7.0
constraint: 0.012079179134080941 | 0.14285714285714285
community: 1(576) | 7(149)

3847 | 5671|0
degree: 96 | 8
eff size: 52.35937499999999 | 4.125
constraint: 0.04001790201616521 | 0.23476403985660615
community: 3(388) | 17(68)

1717 | 779|-1
degree: 25 | 1
eff size: 24.0 | -1
constraint: 0.04319999999999999 | 1.0
community: 11(110) | 11(110)

6687 | 6730|0
degree: 4 | 10
eff size: 3.0 | 8.8
constraint: 0.375 | 0.13812500000000005
community: 4(290) | 4(290)

7170 | 37|-1
degree: 26 | 1
eff size: 18.826923076923077 | -1
constraint: 0.07076416136670519 | 1.0
community: 14(73) | 14(73)

93 | 10363|-1
degree: 7 | 2
eff size: 6.714285714285714 | -1
constraint: 0.1431607906910476 | 0.5
community: 2(481) | 2(481)

1890 | 8616|-1
degree: 14 | 2
eff size: 8.892857142857144 | -1
constraint: 0.17209018438606208 | 0.629030612244898
community: 4(290) | 4(290)

4005 | 7727|-1
degree: 28 | 1
eff size: 26.75 | -1
constraint: 0.04042309766465796 | 1.0
community: 7(149) | 7(149)

4200 | 4912|-1
degree: 96 | 4
eff size: 76.41666666666669 | -1
constraint: 0.03376486542764864 | 0.27534698193002694
community: 1(576) | 8(149)

8342 | 3235|-1
degree: 14 | 1
eff size: 12.571428571428571 | -1
constraint: 0.10518374917297878 | 1.0
community: 9(136) | 9(136)

5006 | 7753|-1
degree: 22 | 2
eff size: 21.272727272727273 | -1
constraint: 0.062477251055073985 | 0.6332438016528925
community: 8(149) | 8(149)

2118 | 6863|-1
degree: 29 | 5
eff size: 26.620689655172413 | 4.8
constraint: 0.0477986890554325 | 0.2087245504622777
community: 9(136) | 9(136)

1 | 10988|-1
degree: 214 | 1
eff size: 194.78971962616822 | -1
constraint: 0.02730875226271928 | 1.0
community: 1(576) | 1(576)

816 | 3493|-1
degree: 22 | 7
eff size: 21.295454545454543 | 6.214285714285714
constraint: 0.06551213063939598 | 0.18161950858312384
community: 12(89) | 12(89)

685 | 8440|-1
degree: 20 | 2
eff size: 17.975 | -1
constraint: 0.0917827472105775 | 0.5
community: 3(388) | 9(136)

1136 | 8616|-1
degree: 20 | 2
eff size: 15.125 | -1
constraint: 0.10393142006802722 | 0.629030612244898
community: 4(290) | 4(290)

701 | 10980|-1
degree: 787 | 2
eff size: 749.9027954256691 | -1
constraint: 0.012079179134080941 | 0.5027989765864311
community: 1(576) | 2(481)

6461 | 10368|-1
degree: 35 | 3
eff size: 21.74285714285714 | -1
constraint: 0.07861388323447868 | 0.3504862619828164
community: 3(388) | 2(481)

2118 | 8350|-1
degree: 29 | 2
eff size: 26.620689655172413 | -1
constraint: 0.0477986890554325 | 0.5545284403892354
community: 9(136) | 9(136)

8593 | 5578|-1
degree: 3 | 1
eff size: 3.0 | -1
constraint: 0.3333333333333333 | 1.0
community: 5(285) | 5(285)

3561 | 11059|-1
degree: 656 | 2
eff size: 608.4687500000005 | -1
constraint: 0.016793554262731276 | 0.503719685965333
community: 2(481) | 2(481)

701 | 11030|-1
degree: 787 | 2
eff size: 749.9027954256691 | -1
constraint: 0.012079179134080941 | 0.5087345396688197
community: 1(576) | 3(388)

1225 | 267|-1
degree: 34 | 1
eff size: 28.617647058823525 | -1
constraint: 0.053784275063106964 | 1.0
community: 8(149) | 8(149)

701 | 6386|-1
degree: 787 | 4
eff size: 749.9027954256691 | 3.25
constraint: 0.012079179134080941 | 0.2578504777710751
community: 1(576) | 17(68)

2578 | 8636|-1
degree: 15 | 1
eff size: 14.866666666666667 | -1
constraint: 0.06828575077889144 | 1.0
community: 9(136) | 9(136)

701 | 8672|-1
degree: 787 | 2
eff size: 749.9027954256691 | 2.0
constraint: 0.012079179134080941 | 0.5
community: 1(576) | 4(290)

3058 | 2587|-1
degree: 6 | 2
eff size: 6.0 | -1
constraint: 0.16666666666666669 | 0.5
community: 9(136) | 9(136)

3951 | 10997|-1
degree: 37 | 2
eff size: 23.432432432432435 | -1
constraint: 0.0487580503315686 | 0.5
community: 20(36) | 20(36)

3561 | 3761|-1
degree: 656 | 2
eff size: 608.4687500000005 | -1
constraint: 0.016793554262731276 | 0.5
community: 2(481) | 2(481)

3303 | 8659|-1
degree: 23 | 2
eff size: 21.826086956521742 | -1
constraint: 0.04799861000457335 | 0.5
community: 4(290) | 11(110)

5413 | 5496|0
degree: 110 | 14
eff size: 57.35454545454546 | 6.464285714285715
constraint: 0.031958691144429216 | 0.15527255943019055
community: 3(388) | 4(290)

5005 | 7910|-1
degree: 3 | 2
eff size: 2.0 | -1
constraint: 0.5555555555555556 | 0.5
community: 15(71) | 15(71)

6660 | 5559|-1
degree: 18 | 5
eff size: 8.638888888888891 | 4.6
constraint: 0.10883773216419586 | 0.2254370381050024
community: 3(388) | 5(285)

701 | 5006|-1
degree: 787 | 22
eff size: 749.9027954256691 | 21.272727272727273
constraint: 0.012079179134080941 | 0.062477251055073985
community: 1(576) | 8(149)

3847 | 10514|0
degree: 96 | 5
eff size: 52.35937499999999 | 3.4000000000000004
constraint: 0.04001790201616521 | 0.28410376269989857
community: 3(388) | 1(576)

1103 | 5399|0
degree: 21 | 4
eff size: 12.523809523809524 | 2.25
constraint: 0.12418081417762768 | 0.42670209750566895
community: 4(290) | 4(290)

5119 | 10686|-1
degree: 7 | 2
eff size: 6.5 | -1
constraint: 0.1594473462305658 | 0.5
community: 8(149) | 8(149)

8359 | 3058|-1
degree: 6 | 6
eff size: 6.0 | 6.0
constraint: 0.16666666666666669 | 0.16666666666666669
community: 9(136) | 9(136)

5441 | 5451|0
degree: 9 | 2
eff size: 4.833333333333333 | 1.0
constraint: 0.2251181222374638 | 1.0
community: 11(110) | 11(110)

6221 | 10805|-1
degree: 4 | 2
eff size: 4.0 | -1
constraint: 0.25 | 0.5
community: 16(69) | 16(69)

8068 | 8072|-1
degree: 6 | 1
eff size: 3.416666666666667 | -1
constraint: 0.24794442282011284 | 1.0
community: 5(285) | 5(285)

4000 | 3320|-1
degree: 75 | 29
eff size: 57.680000000000014 | 19.75862068965517
constraint: 0.02348405295066387 | 0.05650893190775932
community: 5(285) | 5(285)

701 | 7354|-1
degree: 787 | 4
eff size: 749.9027954256691 | -1
constraint: 0.012079179134080941 | 0.2619726776393576
community: 1(576) | 1(576)

7018 | 8143|-1
degree: 49 | 4
eff size: 48.0 | 3.0
constraint: 0.02124114952103291 | 0.375
community: 15(71) | 15(71)

3257 | 3333|0
degree: 28 | 51
eff size: 18.625 | 25.627450980392158
constraint: 0.05967614110515836 | 0.05947118604285511
community: 5(285) | 4(290)

145 | 7377|0
degree: 49 | 3
eff size: 36.30612244897959 | 2.0
constraint: 0.04010121769129523 | 0.5555555555555556
community: 8(149) | 8(149)

1887 | 8374|-1
degree: 7 | 2
eff size: 5.857142857142858 | -1
constraint: 0.18612456787209436 | 0.5
community: 23(10) | 23(10)

5377 | 8688|-1
degree: 16 | 2
eff size: 15.0 | -1
constraint: 0.0703125 | 0.5
community: 4(290) | 4(290)

6401 | 4470|-1
degree: 4 | 2
eff size: 3.5 | 2.0
constraint: 0.26338015456547226 | 0.5
community: 12(89) | 12(89)

3905 | 6332|0
degree: 3 | 18
eff size: 2.0 | 15.0
constraint: 0.5555555555555556 | 0.07407407407407407
community: 18(59) | 18(59)

6453 | 6401|-1
degree: 74 | 4
eff size: 69.16216216216213 | 3.5
constraint: 0.022298815015895906 | 0.26338015456547226
community: 7(149) | 12(89)

3343 | 2578|-1
degree: 19 | 15
eff size: 16.263157894736842 | 14.866666666666667
constraint: 0.08573668967566715 | 0.06828575077889144
community: 9(136) | 9(136)

701 | 6357|-1
degree: 787 | 2
eff size: 749.9027954256691 | -1
constraint: 0.012079179134080941 | 0.503465234532728
community: 1(576) | 2(481)

1221 | 7469|0
degree: 49 | 2
eff size: 47.27551020408163 | 1.0
constraint: 0.03315965438462233 | 1.0
community: 6(213) | 6(213)

5303 | 5872|0
degree: 4 | 4
eff size: 3.0 | 3.0
constraint: 0.375 | 0.375
community: 14(73) | 14(73)

3527 | 10622|-1
degree: 5 | 2
eff size: 4.0 | -1
constraint: 0.28 | 0.5
community: 1(576) | 1(576)

6743 | 3238|-1
degree: 2 | 2
eff size: 2.0 | -1
constraint: 0.5 | 0.5
community: 5(285) | 5(285)

145 | 5723|-1
degree: 49 | 2
eff size: 36.30612244897959 | -1
constraint: 0.04010121769129523 | 0.5
community: 8(149) | 8(149)

701 | 11025|-1
degree: 787 | 1
eff size: 749.9027954256691 | -1
constraint: 0.012079179134080941 | 1.0
community: 1(576) | 1(576)

10530 | 6487|-1
degree: 7 | 3
eff size: 7.0 | -1
constraint: 0.14285714285714285 | 0.3333333333333333
community: 7(149) | 7(149)

5683 | 6453|0
degree: 46 | 74
eff size: 33.67391304347826 | 69.16216216216213
constraint: 0.04196718145736998 | 0.022298815015895906
community: 5(285) | 7(149)

702 | 8399|-1
degree: 101 | 2
eff size: 84.64851485148515 | -1
constraint: 0.018641940849454464 | 0.5
community: 4(290) | 4(290)

2118 | 6800|-1
degree: 29 | 2
eff size: 26.620689655172413 | -1
constraint: 0.0477986890554325 | 0.5545284403892354
community: 9(136) | 9(136)

3292 | 8526|-1
degree: 7 | 1
eff size: 6.428571428571429 | -1
constraint: 0.17185953984508734 | 1.0
community: 4(290) | 4(290)

2521 | 7529|-1
degree: 17 | 2
eff size: 14.088235294117647 | -1
constraint: 0.14960364338828203 | 0.5
community: 10(120) | 10(120)

4969 | 5000|0
degree: 23 | 18
eff size: 14.043478260869565 | 8.222222222222221
constraint: 0.09003462837483045 | 0.11069753721227432
community: 3(388) | 3(388)

4004 | 6057|-1
degree: 28 | 3
eff size: 26.78571428571429 | 3.0
constraint: 0.03969463961477134 | 0.3333333333333333
community: 7(149) | 7(149)

2548 | 7290|0
degree: 181 | 3
eff size: 152.18232044198882 | 1.0
constraint: 0.025484493264409592 | 0.5624679892956732
community: 1(576) | 1(576)

7833 | 6391|-1
degree: 3 | 4
eff size: 2.666666666666667 | 3.5
constraint: 0.34561957240051533 | 0.2517705249966868
community: 20(36) | 20(36)

6261 | 3553|-1
degree: 12 | 1
eff size: 5.083333333333334 | -1
constraint: 0.15889111637643893 | 1.0
community: 3(388) | 3(388)

6680 | 6681|0
degree: 12 | 5
eff size: 9.333333333333332 | 2.7
constraint: 0.14509236622889896 | 0.39506944444444453
community: 11(110) | 11(110)

2042 | 5727|0
degree: 4 | 19
eff size: 3.0 | 15.736842105263158
constraint: 0.375 | 0.07138273572556285
community: 10(120) | 6(213)

3559 | 3825|-1
degree: 14 | 1
eff size: 14.0 | -1
constraint: 0.07142857142857142 | 1.0
community: 6(213) | 6(213)

6680 | 1275|-1
degree: 12 | 9
eff size: 9.333333333333332 | 7.666666666666666
constraint: 0.14509236622889896 | 0.13645190638288496
community: 11(110) | 9(136)

7984 | 7199|-1
degree: 2 | 2
eff size: 2.0 | -1
constraint: 0.5 | 0.5
community: 15(71) | 15(71)

5568 | 8600|-1
degree: 24 | 1
eff size: 23.687499999999996 | -1
constraint: 0.054932634186587344 | 1.0
community: 9(136) | 9(136)

6467 | 4449|-1
degree: 29 | 2
eff size: 23.06896551724138 | -1
constraint: 0.061533457108295886 | 0.5
community: 1(576) | 1(576)

2856 | 8718|-1
degree: 22 | 2
eff size: 19.09090909090909 | -1
constraint: 0.07865955073512401 | 0.5624428064857444
community: 5(285) | 5(285)

1916 | 7414|-1
degree: 6 | 3
eff size: 6.0 | 3.0
constraint: 0.16666666666666669 | 0.3333333333333333
community: 7(149) | 7(149)

3302 | 8328|-1
degree: 18 | 2
eff size: 15.833333333333336 | -1
constraint: 0.10209211354238196 | 0.699266975308642
community: 4(290) | 4(290)

6847 | 8686|-1
degree: 5 | 1
eff size: 4.8 | -1
constraint: 0.2119246354250132 | 1.0
community: 5(285) | 5(285)

701 | 10459|-1
degree: 787 | 2
eff size: 749.9027954256691 | -1
constraint: 0.012079179134080941 | 0.5116234403172586
community: 1(576) | 1(576)

702 | 6902|-1
degree: 101 | 3
eff size: 84.64851485148515 | -1
constraint: 0.018641940849454464 | 0.35670059177634933
community: 4(290) | 3(388)

2848 | 3343|0
degree: 5 | 19
eff size: 4.0 | 16.263157894736842
constraint: 0.28 | 0.08573668967566715
community: 21(31) | 9(136)

1239 | 7132|-1
degree: 457 | 2
eff size: 420.13129102844607 | -1
constraint: 0.02315574985880199 | 0.507748357933044
community: 2(481) | 1(576)

2118 | 2578|-1
degree: 29 | 15
eff size: 26.620689655172413 | 14.866666666666667
constraint: 0.0477986890554325 | 0.06828575077889144
community: 9(136) | 9(136)

2860 | 6806|-1
degree: 4 | 2
eff size: 4.0 | -1
constraint: 0.25 | 0.5
community: 4(290) | 4(290)

1 | 4010|-1
degree: 214 | 3
eff size: 194.78971962616822 | -1
constraint: 0.02730875226271928 | 0.3333333333333333
community: 1(576) | 14(73)

3300 | 5539|-1
degree: 56 | 5
eff size: 39.23214285714286 | 5.0
constraint: 0.038216080040508506 | 0.20000000000000004
community: 4(290) | 5(285)

1239 | 10387|-1
degree: 457 | 4
eff size: 420.13129102844607 | -1
constraint: 0.02315574985880199 | 0.26052706412270826
community: 2(481) | 1(576)

