2118 | 8470|-1
degree: 29 | 4
eff size: 21.75862068965517 | 4.0
constraint: 0.05906293586889884 | 0.25
community: 8(132) | 8(132)

1913 | 457|-1
degree: 121 | 1
eff size: 119.98347107438016 | -1
constraint: 0.008588059406992551 | 1.0
community: 10(122) | 10(122)

3847 | 6235|0
degree: 96 | 23
eff size: 52.62499999999999 | 17.021739130434785
constraint: 0.038825660701372874 | 0.07084638027653015
community: 4(321) | 14(86)

5727 | 2042|-1
degree: 16 | 3
eff size: 13.75 | -1
constraint: 0.08059053647929175 | 0.3333333333333333
community: 6(176) | 11(120)

4003 | 7325|-1
degree: 30 | 1
eff size: 28.71666666666667 | -1
constraint: 0.04085029077923473 | 1.0
community: 6(176) | 6(176)

1124 | 1126|0
degree: 2 | 3
eff size: 1.0 | 2.0
constraint: 1.0 | 0.5555555555555556
community: 2(458) | 2(458)

5676 | 6604|-1
degree: 8 | 2
eff size: 7.0 | -1
constraint: 0.15625 | 0.5
community: 12(115) | 12(115)

174 | 5696|0
degree: 91 | 81
eff size: 51.0 | 62.72222222222222
constraint: 0.04332261515596675 | 0.02468647854334607
community: 4(321) | 14(86)

6849 | 3254|-1
degree: 11 | 11
eff size: 10.454545454545453 | 10.818181818181818
constraint: 0.13266386398832464 | 0.10281060036882726
community: 8(132) | 8(132)

2914 | 5378|0
degree: 212 | 45
eff size: 115.6462264150943 | 24.8
constraint: 0.024917280456101108 | 0.05137766705838606
community: 4(321) | 2(458)

701 | 4792|-1
degree: 743 | 2
eff size: 706.9273216689105 | -1
constraint: 0.012505038624604042 | 0.502935004054313
community: 3(447) | 1(482)

3286 | 8297|-1
degree: 12 | 7
eff size: 6.791666666666668 | 4.2857142857142865
constraint: 0.165385908561329 | 0.24439325049747787
community: 2(458) | 2(458)

3257 | 5577|0
degree: 54 | 3
eff size: 32.3148148148148 | 2.0
constraint: 0.04214677795493393 | 0.5555555555555556
community: 2(458) | 2(458)

701 | 7255|-1
degree: 743 | 1
eff size: 706.9273216689105 | -1
constraint: 0.012505038624604042 | 1.0
community: 3(447) | 3(447)

1913 | 5323|-1
degree: 121 | 1
eff size: 119.98347107438016 | -1
constraint: 0.008588059406992551 | 1.0
community: 10(122) | 10(122)

7372 | 8001|0
degree: 4 | 11
eff size: 3.0 | 7.636363636363637
constraint: 0.375 | 0.1713661871237629
community: 2(458) | 2(458)

6082 | 7960|-1
degree: 12 | 4
eff size: 7.958333333333333 | -1
constraint: 0.1494443392743684 | 0.2630629135887965
community: 4(321) | 4(321)

1103 | 5583|0
degree: 19 | 6
eff size: 10.736842105263156 | 4.166666666666667
constraint: 0.14245797323544984 | 0.28291224928212055
community: 2(458) | 2(458)

3361 | 4278|-1
degree: 6 | 4
eff size: 3.166666666666667 | 3.125
constraint: 0.30235604342234224 | 0.3259803938340818
community: 1(482) | 1(482)

5405 | 6823|-1
degree: 4 | 1
eff size: 4.0 | -1
constraint: 0.25 | 1.0
community: 2(458) | 2(458)

5549 | 8319|-1
degree: 7 | 2
eff size: 5.428571428571429 | -1
constraint: 0.1959736555263029 | 0.5
community: 2(458) | 2(458)

1913 | 5217|-1
degree: 121 | 1
eff size: 119.98347107438016 | -1
constraint: 0.008588059406992551 | 1.0
community: 10(122) | 10(122)

1221 | 4804|-1
degree: 45 | 1
eff size: 44.45555555555554 | -1
constraint: 0.030405680920785178 | 1.0
community: 6(176) | 6(176)

3300 | 6905|0
degree: 63 | 6
eff size: 39.50793650793651 | 3.5
constraint: 0.037488817319707664 | 0.3038274011359323
community: 2(458) | 2(458)

1913 | 1991|-1
degree: 121 | 1
eff size: 119.98347107438016 | -1
constraint: 0.008588059406992551 | 1.0
community: 10(122) | 10(122)

3561 | 4569|-1
degree: 631 | 2
eff size: 585.4381933438965 | -1
constraint: 0.016187658484268733 | 0.502935004054313
community: 1(482) | 1(482)

2853 | 3246|-1
degree: 4 | 9
eff size: 3.75 | 4.388888888888889
constraint: 0.2710667438271605 | 0.2094172608227097
community: 13(93) | 13(93)

5737 | 6924|-1
degree: 6 | 2
eff size: 5.333333333333334 | -1
constraint: 0.16813923870694625 | 0.5
community: 5(194) | 5(194)

1955 | 3340|0
degree: 14 | 9
eff size: 10.642857142857142 | 7.722222222222222
constraint: 0.1268109095490048 | 0.15741440609165475
community: 18(63) | 18(63)

7199 | 10691|-1
degree: 4 | 1
eff size: 3.0 | -1
constraint: 0.375 | 1.0
community: 16(80) | 16(80)

568 | 6461|0
degree: 28 | 36
eff size: 11.803571428571429 | 21.1388888888889
constraint: 0.08048154389031438 | 0.07969254668097667
community: 4(321) | 4(321)

7445 | 4470|-1
degree: 3 | 2
eff size: 2.3333333333333335 | -1
constraint: 0.4820940978785969 | 0.7166561646712875
community: 15(85) | 15(85)

702 | 6902|0
degree: 106 | 7
eff size: 82.55660377358488 | 4.5
constraint: 0.01993641818205887 | 0.2312100466601078
community: 2(458) | 2(458)

4550 | 5646|0
degree: 9 | 65
eff size: 4.777777777777778 | 52.29230769230769
constraint: 0.1951009319987417 | 0.032402643520215386
community: 5(194) | 5(194)

6905 | 5623|-1
degree: 6 | 5
eff size: 3.5 | 5.0
constraint: 0.3038274011359323 | 0.20000000000000004
community: 2(458) | 2(458)

1 | 8143|-1
degree: 219 | 2
eff size: 200.02511415525103 | -1
constraint: 0.028452652356739612 | 0.505934766773437
community: 3(447) | 3(447)

2118 | 3316|0
degree: 29 | 8
eff size: 21.75862068965517 | 6.4375
constraint: 0.05906293586889884 | 0.17260267188639497
community: 8(132) | 8(132)

3538 | 5813|-1
degree: 2 | 1
eff size: 2.0 | -1
constraint: 0.5 | 1.0
community: 4(321) | 4(321)

4000 | 5413|0
degree: 82 | 112
eff size: 61.890243902439025 | 58.09375000000002
constraint: 0.022856337808459973 | 0.030845330314790215
community: 2(458) | 4(321)

4000 | 7787|-1
degree: 82 | 1
eff size: 61.890243902439025 | -1
constraint: 0.022856337808459973 | 1.0
community: 2(458) | 2(458)

1755 | 5496|-1
degree: 91 | 13
eff size: 84.46703296703296 | 6.653846153846154
constraint: 0.018811078889205055 | 0.15892972254285082
community: 2(458) | 2(458)

3576 | 10686|-1
degree: 6 | 2
eff size: 6.0 | -1
constraint: 0.16666666666666669 | 0.5
community: 16(80) | 16(80)

4003 | 4765|-1
degree: 30 | 5
eff size: 28.71666666666667 | 5.0
constraint: 0.04085029077923473 | 0.20000000000000004
community: 6(176) | 11(120)

3257 | 5430|0
degree: 54 | 7
eff size: 32.3148148148148 | 5.214285714285714
constraint: 0.04214677795493393 | 0.2650874492738222
community: 2(458) | 2(458)

3300 | 5539|0
degree: 63 | 7
eff size: 39.50793650793651 | 4.142857142857143
constraint: 0.037488817319707664 | 0.26366646641859903
community: 2(458) | 2(458)

701 | 284|-1
degree: 743 | 2
eff size: 706.9273216689105 | 2.0
constraint: 0.012505038624604042 | 0.5
community: 3(447) | 3(447)

6660 | 7960|-1
degree: 20 | 4
eff size: 10.024999999999999 | -1
constraint: 0.09470561659128941 | 0.2630629135887965
community: 4(321) | 4(321)

6863 | 8291|-1
degree: 7 | 2
eff size: 6.714285714285715 | -1
constraint: 0.17191043083900226 | 0.5
community: 8(132) | 8(132)

7303 | 7980|-1
degree: 12 | 2
eff size: 10.583333333333332 | -1
constraint: 0.10973488113282402 | 0.5
community: 9(128) | 9(128)

1270 | 3257|-1
degree: 7 | 54
eff size: 6.071428571428573 | 32.3148148148148
constraint: 0.1937501871094032 | 0.04214677795493393
community: 2(458) | 2(458)

4725 | 7518|-1
degree: 10 | 3
eff size: 9.05 | -1
constraint: 0.14766169712456137 | 0.38907102960316553
community: 11(120) | 11(120)

1103 | 3333|0
degree: 19 | 47
eff size: 10.736842105263156 | 23.531914893617028
constraint: 0.14245797323544984 | 0.06586104747326484
community: 2(458) | 2(458)

1275 | 5501|-1
degree: 10 | 2
eff size: 7.7 | -1
constraint: 0.14053500496642696 | 0.5
community: 8(132) | 8(132)

3257 | 5539|0
degree: 54 | 7
eff size: 32.3148148148148 | 4.142857142857143
constraint: 0.04214677795493393 | 0.26366646641859903
community: 2(458) | 2(458)

1 | 10319|-1
degree: 219 | 2
eff size: 200.02511415525103 | -1
constraint: 0.028452652356739612 | 0.5061743579205624
community: 3(447) | 3(447)

3252 | 3319|-1
degree: 7 | 2
eff size: 6.142857142857144 | -1
constraint: 0.24632990386237136 | 0.5
community: 8(132) | 8(132)

1 | 8170|-1
degree: 219 | 2
eff size: 200.02511415525103 | -1
constraint: 0.028452652356739612 | 0.5151122339309542
community: 3(447) | 4(321)

3300 | 5466|0
degree: 63 | 4
eff size: 39.50793650793651 | 3.0
constraint: 0.037488817319707664 | 0.375
community: 2(458) | 2(458)

6844 | 3329|-1
degree: 4 | 2
eff size: 4.0 | -1
constraint: 0.25 | 0.5
community: 9(128) | 9(128)

6221 | 10813|-1
degree: 4 | 2
eff size: 3.625 | -1
constraint: 0.3283232552284126 | 0.6414180209136504
community: 14(86) | 14(86)

4200 | 7019|-1
degree: 95 | 5
eff size: 75.18947368421051 | -1
constraint: 0.03277601829345763 | 0.2141434213568082
community: 12(115) | 4(321)

3215 | 3256|0
degree: 20 | 8
eff size: 18.75 | 4.5
constraint: 0.06072451653507767 | 0.24268861418457918
community: 2(458) | 2(458)

6718 | 5382|-1
degree: 3 | 2
eff size: 3.0 | -1
constraint: 0.3333333333333333 | 0.5
community: 2(458) | 2(458)

1982 | 7042|-1
degree: 7 | 2
eff size: 5.285714285714286 | -1
constraint: 0.22886374226472445 | 0.5
community: 1(482) | 1(482)

2905 | 10331|-1
degree: 25 | 2
eff size: 13.58 | -1
constraint: 0.10370300226757372 | 0.6516
community: 19(48) | 19(48)

5441 | 5449|-1
degree: 6 | 1
eff size: 5.583333333333333 | -1
constraint: 0.2089583333333333 | 1.0
community: 16(80) | 16(80)

1239 | 6551|-1
degree: 452 | 1
eff size: 415.25331858407054 | -1
constraint: 0.02159936035538154 | 1.0
community: 1(482) | 1(482)

2041 | 10289|-1
degree: 57 | 2
eff size: 43.850877192982445 | -1
constraint: 0.04461475418570523 | 0.5
community: 12(115) | 4(321)

2118 | 5434|0
degree: 29 | 5
eff size: 21.75862068965517 | 4.0
constraint: 0.05906293586889884 | 0.28
community: 8(132) | 8(132)

2493 | 2654|-1
degree: 23 | 1
eff size: 22.76086956521739 | -1
constraint: 0.04747432718913643 | 1.0
community: 15(85) | 15(85)

8269 | 6806|-1
degree: 4 | 4
eff size: 3.5 | 2.375
constraint: 0.388125 | 0.50140625
community: 9(128) | 9(128)

1913 | 5846|-1
degree: 121 | 1
eff size: 119.98347107438016 | -1
constraint: 0.008588059406992551 | 1.0
community: 10(122) | 10(122)

1198 | 3300|0
degree: 4 | 63
eff size: 1.0 | 39.50793650793651
constraint: 0.5715266305557822 | 0.037488817319707664
community: 2(458) | 2(458)

3963 | 817|-1
degree: 4 | 3
eff size: 3.5 | 2.3333333333333335
constraint: 0.32611111111111113 | 0.44472222222222213
community: 15(85) | 15(85)

1221 | 7694|-1
degree: 45 | 2
eff size: 44.45555555555554 | -1
constraint: 0.030405680920785178 | 0.7056790123456789
community: 6(176) | 6(176)

1205 | 2131|0
degree: 3 | 2
eff size: 2.0 | 1.0
constraint: 0.5555555555555556 | 1.0
community: 19(48) | 19(48)

1913 | 4489|-1
degree: 121 | 1
eff size: 119.98347107438016 | -1
constraint: 0.008588059406992551 | 1.0
community: 10(122) | 10(122)

7476 | 7570|-1
degree: 4 | 3
eff size: 1.875 | 1.8333333333333335
constraint: 0.5880555555555556 | 0.5931172839506171
community: 6(176) | 6(176)

2905 | 7460|0
degree: 25 | 5
eff size: 13.58 | 2.8000000000000003
constraint: 0.10370300226757372 | 0.3947990204081633
community: 19(48) | 19(48)

1913 | 3889|-1
degree: 121 | 1
eff size: 119.98347107438016 | -1
constraint: 0.008588059406992551 | 1.0
community: 10(122) | 10(122)

1913 | 5211|-1
degree: 121 | 1
eff size: 119.98347107438016 | -1
constraint: 0.008588059406992551 | 1.0
community: 10(122) | 10(122)

2683 | 2875|-1
degree: 6 | 2
eff size: 6.0 | -1
constraint: 0.16666666666666669 | 0.5
community: 8(132) | 8(132)

4000 | 5696|0
degree: 82 | 81
eff size: 61.890243902439025 | 62.72222222222222
constraint: 0.022856337808459973 | 0.02468647854334607
community: 2(458) | 14(86)

2493 | 7445|-1
degree: 23 | 3
eff size: 22.76086956521739 | 2.3333333333333335
constraint: 0.04747432718913643 | 0.4820940978785969
community: 15(85) | 15(85)

1299 | 5378|0
degree: 21 | 45
eff size: 14.500000000000002 | 24.8
constraint: 0.07823373587486993 | 0.05137766705838606
community: 2(458) | 2(458)

2828 | 7836|0
degree: 26 | 3
eff size: 13.153846153846155 | 1.0
constraint: 0.07950672390454312 | 0.5943421822729882
community: 17(70) | 17(70)

7594 | 10303|0
degree: 22 | 19
eff size: 11.818181818181818 | 10.342105263157896
constraint: 0.09527925675297926 | 0.11236973878563124
community: 6(176) | 4(321)

4358 | 6081|-1
degree: 4 | 4
eff size: 3.25 | 3.125
constraint: 0.2559410525050224 | 0.329225199362425
community: 14(86) | 14(86)

1 | 4310|-1
degree: 219 | 2
eff size: 200.02511415525103 | -1
constraint: 0.028452652356739612 | 0.505934766773437
community: 3(447) | 3(447)

4694 | 2510|-1
degree: 18 | 9
eff size: 12.11111111111111 | 5.722222222222222
constraint: 0.15329215783997305 | 0.1971908673850598
community: 11(120) | 11(120)

2118 | 6800|0
degree: 29 | 3
eff size: 21.75862068965517 | 1.1666666666666667
constraint: 0.05906293586889884 | 0.6092183394254341
community: 8(132) | 8(132)

2548 | 6226|-1
degree: 170 | 2
eff size: 142.9911764705882 | -1
constraint: 0.026737846433357998 | 0.5072646614708949
community: 3(447) | 3(447)

1913 | 456|-1
degree: 121 | 1
eff size: 119.98347107438016 | -1
constraint: 0.008588059406992551 | 1.0
community: 10(122) | 10(122)

8397 | 8442|-1
degree: 3 | 3
eff size: 2.3333333333333335 | -1
constraint: 0.44926697530864196 | 0.44926697530864196
community: 2(458) | 2(458)

1 | 8008|-1
degree: 219 | 1
eff size: 200.02511415525103 | -1
constraint: 0.028452652356739612 | 1.0
community: 3(447) | 3(447)

517 | 3257|0
degree: 8 | 54
eff size: 6.75 | 32.3148148148148
constraint: 0.1575023525963743 | 0.04214677795493393
community: 8(132) | 2(458)

7474 | 7573|-1
degree: 15 | 2
eff size: 14.233333333333334 | -1
constraint: 0.11015872869031008 | 0.545679012345679
community: 6(176) | 6(176)

6849 | 8353|-1
degree: 11 | 1
eff size: 10.454545454545453 | -1
constraint: 0.13266386398832464 | 1.0
community: 8(132) | 8(132)

97 | 80|-1
degree: 8 | 2
eff size: 5.6875 | -1
constraint: 0.1817369298468991 | 0.5
community: 5(194) | 5(194)

1239 | 7769|-1
degree: 452 | 2
eff size: 415.25331858407054 | -1
constraint: 0.02159936035538154 | 0.5215074183569584
community: 1(482) | 1(482)

3343 | 6850|-1
degree: 17 | 5
eff size: 15.500000000000002 | 4.7
constraint: 0.07870089985873474 | 0.2061040562824395
community: 8(132) | 8(132)

2685 | 5378|0
degree: 50 | 45
eff size: 40.24 | 24.8
constraint: 0.02816325011798499 | 0.05137766705838606
community: 17(70) | 2(458)

5402 | 5387|-1
degree: 2 | 1
eff size: 2.0 | -1
constraint: 0.5 | 1.0
community: 8(132) | 8(132)

1759 | 3238|-1
degree: 20 | 2
eff size: 18.349999999999998 | -1
constraint: 0.0645751126598706 | 0.5
community: 13(93) | 4(321)

2497 | 4705|-1
degree: 173 | 1
eff size: 96.61849710982656 | -1
constraint: 0.026992033968648296 | 1.0
community: 11(120) | 11(120)

1913 | 5241|-1
degree: 121 | 1
eff size: 119.98347107438016 | -1
constraint: 0.008588059406992551 | 1.0
community: 10(122) | 10(122)

7199 | 7984|0
degree: 4 | 3
eff size: 3.0 | 2.0
constraint: 0.375 | 0.5555555555555556
community: 16(80) | 16(80)

701 | 10526|-1
degree: 743 | 1
eff size: 706.9273216689105 | -1
constraint: 0.012505038624604042 | 1.0
community: 3(447) | 3(447)

2529 | 3286|0
degree: 16 | 12
eff size: 10.875 | 6.791666666666668
constraint: 0.10955230502357761 | 0.165385908561329
community: 2(458) | 2(458)

3847 | 6091|-1
degree: 96 | 2
eff size: 52.62499999999999 | -1
constraint: 0.038825660701372874 | 0.5118728800647049
community: 4(321) | 4(321)

3257 | 5405|-1
degree: 54 | 4
eff size: 32.3148148148148 | 4.0
constraint: 0.04214677795493393 | 0.25
community: 2(458) | 2(458)

2548 | 6166|-1
degree: 170 | 2
eff size: 142.9911764705882 | -1
constraint: 0.026737846433357998 | 0.5
community: 3(447) | 3(447)

1913 | 3887|-1
degree: 121 | 1
eff size: 119.98347107438016 | -1
constraint: 0.008588059406992551 | 1.0
community: 10(122) | 10(122)

1913 | 4215|-1
degree: 121 | 1
eff size: 119.98347107438016 | -1
constraint: 0.008588059406992551 | 1.0
community: 10(122) | 10(122)

7018 | 6468|-1
degree: 42 | 5
eff size: 42.0 | -1
constraint: 0.02380952380952379 | 0.20852390531815668
community: 16(80) | 16(80)

568 | 5000|0
degree: 28 | 20
eff size: 11.803571428571429 | 8.1
constraint: 0.08048154389031438 | 0.10827189550586115
community: 4(321) | 4(321)

6660 | 3066|-1
degree: 20 | 3
eff size: 10.024999999999999 | -1
constraint: 0.09470561659128941 | 0.3333333333333333
community: 4(321) | 4(321)

1673 | 1686|-1
degree: 105 | 1
eff size: 62.599999999999994 | -1
constraint: 0.031010043149335895 | 1.0
community: 7(138) | 7(138)

3302 | 6734|-1
degree: 15 | 2
eff size: 14.100000000000001 | -1
constraint: 0.08625325904064289 | 0.5
community: 2(458) | 2(458)

4969 | 7594|-1
degree: 28 | 22
eff size: 15.767857142857144 | 11.818181818181818
constraint: 0.08195996125502036 | 0.09527925675297926
community: 4(321) | 6(176)

5378 | 8213|0
degree: 45 | 2
eff size: 24.8 | 1.0
constraint: 0.05137766705838606 | 1.0
community: 2(458) | 2(458)

4495 | 6678|-1
degree: 15 | 2
eff size: 14.8 | -1
constraint: 0.0694427335090358 | 0.5
community: 2(458) | 2(458)

5378 | 8642|0
degree: 45 | 2
eff size: 24.8 | 1.0
constraint: 0.05137766705838606 | 1.0
community: 2(458) | 2(458)

3951 | 5000|0
degree: 39 | 20
eff size: 22.256410256410255 | 8.1
constraint: 0.052689967928459105 | 0.10827189550586115
community: 4(321) | 4(321)

3257 | 6859|0
degree: 54 | 4
eff size: 32.3148148148148 | 3.0
constraint: 0.04214677795493393 | 0.375
community: 2(458) | 2(458)

3561 | 3588|-1
degree: 631 | 2
eff size: 585.4381933438965 | -1
constraint: 0.016187658484268733 | 0.5097168501501469
community: 1(482) | 4(321)

6618 | 10335|-1
degree: 3 | 1
eff size: 2.3333333333333335 | -1
constraint: 0.3481072102194787 | 1.0
community: 4(321) | 4(321)

1675 | 6427|0
degree: 4 | 9
eff size: 3.0 | 5.555555555555555
constraint: 0.375 | 0.22650341801856952
community: 1(482) | 2(458)

4534 | 7003|-1
degree: 18 | 2
eff size: 15.777777777777779 | -1
constraint: 0.08800499626278738 | 0.5
community: 1(482) | 1(482)

702 | 3246|0
degree: 106 | 9
eff size: 82.55660377358488 | 4.388888888888889
constraint: 0.01993641818205887 | 0.2094172608227097
community: 2(458) | 13(93)

3257 | 5549|0
degree: 54 | 7
eff size: 32.3148148148148 | 5.428571428571429
constraint: 0.04214677795493393 | 0.1959736555263029
community: 2(458) | 2(458)

1913 | 2573|-1
degree: 121 | 1
eff size: 119.98347107438016 | -1
constraint: 0.008588059406992551 | 1.0
community: 10(122) | 10(122)

10692 | 10689|-1
degree: 2 | 2
eff size: 2.0 | -1
constraint: 0.5 | 0.5
community: 4(321) | 4(321)

702 | 5540|-1
degree: 106 | 2
eff size: 82.55660377358488 | -1
constraint: 0.01993641818205887 | 0.5054126314115214
community: 2(458) | 2(458)

145 | 209|-1
degree: 45 | 2
eff size: 33.24444444444444 | -1
constraint: 0.04502167581751563 | 0.7627160493827161
community: 5(194) | 5(194)

5646 | 6478|0
degree: 65 | 23
eff size: 52.29230769230769 | 6.760869565217392
constraint: 0.032402643520215386 | 0.11033001342703691
community: 5(194) | 4(321)

701 | 6362|-1
degree: 743 | 3
eff size: 706.9273216689105 | 1.8333333333333335
constraint: 0.012505038624604042 | 0.4761738987398727
community: 3(447) | 3(447)

3915 | 7226|-1
degree: 25 | 2
eff size: 17.14 | -1
constraint: 0.08179190848220497 | 0.5
community: 1(482) | 1(482)

7586 | 2764|-1
degree: 14 | 17
eff size: 13.714285714285715 | 16.205882352941178
constraint: 0.0879704823105713 | 0.09284866452027432
community: 6(176) | 6(176)

71 | 3300|0
degree: 9 | 63
eff size: 7.166666666666666 | 39.50793650793651
constraint: 0.14519588608563924 | 0.037488817319707664
community: 2(458) | 2(458)

5405 | 8540|-1
degree: 4 | 1
eff size: 4.0 | -1
constraint: 0.25 | 1.0
community: 2(458) | 2(458)

2548 | 6478|0
degree: 170 | 23
eff size: 142.9911764705882 | 6.760869565217392
constraint: 0.026737846433357998 | 0.11033001342703691
community: 3(447) | 4(321)

6332 | 8151|-1
degree: 13 | 5
eff size: 13.0 | 5.0
constraint: 0.07692307692307694 | 0.20000000000000004
community: 20(36) | 20(36)

1 | 111|-1
degree: 219 | 3
eff size: 200.02511415525103 | -1
constraint: 0.028452652356739612 | 0.33597100745486086
community: 3(447) | 5(194)

5696 | 7742|-1
degree: 81 | 3
eff size: 62.72222222222222 | -1
constraint: 0.02468647854334607 | 0.3333333333333333
community: 14(86) | 12(115)

5441 | 5445|-1
degree: 6 | 5
eff size: 5.583333333333333 | 3.7
constraint: 0.2089583333333333 | 0.30284444444444447
community: 16(80) | 16(80)

1330 | 4617|-1
degree: 4 | 1
eff size: 4.0 | -1
constraint: 0.25 | 1.0
community: 7(138) | 7(138)

1239 | 2828|0
degree: 452 | 26
eff size: 415.25331858407054 | 13.153846153846155
constraint: 0.02159936035538154 | 0.07950672390454312
community: 1(482) | 17(70)

1913 | 5251|-1
degree: 121 | 1
eff size: 119.98347107438016 | -1
constraint: 0.008588059406992551 | 1.0
community: 10(122) | 10(122)

1273 | 2117|-1
degree: 24 | 1
eff size: 17.9375 | -1
constraint: 0.08051324230023313 | 1.0
community: 2(458) | 2(458)

1 | 6863|-1
degree: 219 | 7
eff size: 200.02511415525103 | 6.714285714285715
constraint: 0.028452652356739612 | 0.17191043083900226
community: 3(447) | 8(132)

701 | 7080|-1
degree: 743 | 2
eff size: 706.9273216689105 | -1
constraint: 0.012505038624604042 | 0.5
community: 3(447) | 20(36)

1913 | 6595|-1
degree: 121 | 2
eff size: 119.98347107438016 | -1
constraint: 0.008588059406992551 | 0.5
community: 10(122) | 2(458)

3300 | 6680|0
degree: 63 | 14
eff size: 39.50793650793651 | 8.357142857142858
constraint: 0.037488817319707664 | 0.1532718210583553
community: 2(458) | 2(458)

6347 | 3967|-1
degree: 42 | 27
eff size: 40.94047619047618 | 12.981481481481481
constraint: 0.05438007093608711 | 0.08139768209373519
community: 12(115) | 16(80)

6235 | 5630|-1
degree: 23 | 2
eff size: 17.021739130434785 | -1
constraint: 0.07084638027653015 | 0.5
community: 14(86) | 14(86)

8001 | 8647|-1
degree: 11 | 3
eff size: 7.636363636363637 | 3.0
constraint: 0.1713661871237629 | 0.3333333333333333
community: 2(458) | 2(458)

1913 | 3890|-1
degree: 121 | 1
eff size: 119.98347107438016 | -1
constraint: 0.008588059406992551 | 1.0
community: 10(122) | 10(122)

5623 | 6764|-1
degree: 5 | 1
eff size: 5.0 | -1
constraint: 0.20000000000000004 | 1.0
community: 2(458) | 2(458)

1849 | 8383|-1
degree: 69 | 1
eff size: 38.40579710144928 | -1
constraint: 0.04968989449240593 | 1.0
community: 2(458) | 2(458)

2041 | 5046|-1
degree: 57 | 1
eff size: 43.850877192982445 | -1
constraint: 0.04461475418570523 | 1.0
community: 12(115) | 12(115)

8526 | 3272|-1
degree: 2 | 2
eff size: 2.0 | -1
constraint: 0.5 | 0.5
community: 2(458) | 2(458)

4000 | 6660|0
degree: 82 | 20
eff size: 61.890243902439025 | 10.024999999999999
constraint: 0.022856337808459973 | 0.09470561659128941
community: 2(458) | 4(321)

1930 | 5378|0
degree: 5 | 45
eff size: 3.7 | 24.8
constraint: 0.29772688334618413 | 0.05137766705838606
community: 2(458) | 2(458)

2521 | 2514|-1
degree: 15 | 11
eff size: 11.733333333333334 | 8.954545454545455
constraint: 0.16820910279806806 | 0.13227606755803528
community: 11(120) | 11(120)

6499 | 10850|-1
degree: 4 | 1
eff size: 3.5 | -1
constraint: 0.25089124762522397 | 1.0
community: 1(482) | 1(482)

1913 | 3886|-1
degree: 121 | 1
eff size: 119.98347107438016 | -1
constraint: 0.008588059406992551 | 1.0
community: 10(122) | 10(122)

7058 | 4912|-1
degree: 4 | 4
eff size: 2.625 | -1
constraint: 0.2905982964832964 | 0.3126852423093156
community: 5(194) | 5(194)

1891 | 8227|-1
degree: 3 | 1
eff size: 3.0 | -1
constraint: 0.3333333333333333 | 1.0
community: 2(458) | 2(458)

1275 | 6680|0
degree: 10 | 14
eff size: 7.7 | 8.357142857142858
constraint: 0.14053500496642696 | 0.1532718210583553
community: 8(132) | 2(458)

1902 | 2852|0
degree: 5 | 3
eff size: 3.0 | 2.0
constraint: 0.3600000000000001 | 0.5555555555555556
community: 2(458) | 2(458)

5483 | 8571|-1
degree: 11 | 2
eff size: 11.0 | -1
constraint: 0.09090909090909091 | 0.5
community: 18(63) | 18(63)

1280 | 6172|-1
degree: 21 | 24
eff size: 11.04761904761905 | 10.583333333333336
constraint: 0.0968866689424079 | 0.08591404171485666
community: 4(321) | 4(321)

2497 | 4713|-1
degree: 173 | 5
eff size: 96.61849710982656 | 4.4
constraint: 0.026992033968648296 | 0.320927528484079
community: 11(120) | 11(120)

3576 | 10279|-1
degree: 6 | 2
eff size: 6.0 | -1
constraint: 0.16666666666666669 | 0.5
community: 16(80) | 16(80)

3336 | 5378|0
degree: 5 | 45
eff size: 4.0 | 24.8
constraint: 0.28 | 0.05137766705838606
community: 2(458) | 2(458)

7096 | 3513|-1
degree: 3 | 2
eff size: 2.5 | -1
constraint: 0.36764622782815265 | 0.5
community: 1(482) | 1(482)

1 | 7957|-1
degree: 219 | 1
eff size: 200.02511415525103 | -1
constraint: 0.028452652356739612 | 1.0
community: 3(447) | 3(447)

1913 | 5220|-1
degree: 121 | 1
eff size: 119.98347107438016 | -1
constraint: 0.008588059406992551 | 1.0
community: 10(122) | 10(122)

5672 | 7022|-1
degree: 2 | 2
eff size: 2.0 | -1
constraint: 0.5 | 0.5
community: 17(70) | 17(70)

6685 | 8397|-1
degree: 8 | 3
eff size: 7.75 | 2.3333333333333335
constraint: 0.14930555555555555 | 0.44926697530864196
community: 2(458) | 2(458)

517 | 5501|-1
degree: 8 | 2
eff size: 6.75 | -1
constraint: 0.1575023525963743 | 0.5
community: 8(132) | 8(132)

3491 | 7594|0
degree: 54 | 22
eff size: 39.63888888888889 | 11.818181818181818
constraint: 0.04083345411646526 | 0.09527925675297926
community: 4(321) | 6(176)

1 | 5088|-1
degree: 219 | 3
eff size: 200.02511415525103 | -1
constraint: 0.028452652356739612 | 0.34059669007872434
community: 3(447) | 3(447)

1913 | 744|-1
degree: 121 | 1
eff size: 119.98347107438016 | -1
constraint: 0.008588059406992551 | 1.0
community: 10(122) | 10(122)

4926 | 10606|-1
degree: 21 | 1
eff size: 20.80952380952381 | -1
constraint: 0.04787613881109392 | 1.0
community: 9(128) | 9(128)

1239 | 1238|-1
degree: 452 | 1
eff size: 415.25331858407054 | -1
constraint: 0.02159936035538154 | 1.0
community: 1(482) | 1(482)

8342 | 2848|-1
degree: 12 | 5
eff size: 11.333333333333334 | 4.6
constraint: 0.13872181560782149 | 0.25694444444444453
community: 8(132) | 8(132)

1 | 2900|-1
degree: 219 | 4
eff size: 200.02511415525103 | -1
constraint: 0.028452652356739612 | 0.26247644691754696
community: 3(447) | 4(321)

6467 | 3801|-1
degree: 24 | 3
eff size: 19.458333333333332 | -1
constraint: 0.06802266712543616 | 0.35624220035682874
community: 3(447) | 3(447)

2917 | 5413|0
degree: 17 | 112
eff size: 9.588235294117647 | 58.09375000000002
constraint: 0.10942287297722134 | 0.030845330314790215
community: 2(458) | 4(321)

1913 | 5240|-1
degree: 121 | 1
eff size: 119.98347107438016 | -1
constraint: 0.008588059406992551 | 1.0
community: 10(122) | 10(122)

2118 | 8504|0
degree: 29 | 3
eff size: 21.75862068965517 | 2.0
constraint: 0.05906293586889884 | 0.5555555555555556
community: 8(132) | 8(132)

1323 | 3789|-1
degree: 9 | 7
eff size: 7.722222222222222 | 6.2857142857142865
constraint: 0.14388051779993172 | 0.15661401198601316
community: 7(138) | 7(138)

3661 | 7577|-1
degree: 2 | 2
eff size: 2.0 | -1
constraint: 0.5 | 0.5
community: 6(176) | 6(176)

3257 | 5427|0
degree: 54 | 6
eff size: 32.3148148148148 | 3.75
constraint: 0.04214677795493393 | 0.30290277427843565
community: 2(458) | 2(458)

724 | 3538|-1
degree: 4 | 2
eff size: 3.625 | 2.0
constraint: 0.33266900510204084 | 0.5
community: 4(321) | 4(321)

701 | 4137|-1
degree: 743 | 1
eff size: 706.9273216689105 | -1
constraint: 0.012505038624604042 | 1.0
community: 3(447) | 3(447)

3932 | 5378|0
degree: 14 | 45
eff size: 4.642857142857144 | 24.8
constraint: 0.1357267521467479 | 0.05137766705838606
community: 4(321) | 2(458)

4969 | 6261|0
degree: 28 | 13
eff size: 15.767857142857144 | 4.0
constraint: 0.08195996125502036 | 0.17140564574995848
community: 4(321) | 4(321)

7333 | 4261|-1
degree: 2 | 3
eff size: 2.0 | -1
constraint: 0.5 | 0.33865992247429655
community: 12(115) | 12(115)

1 | 3739|-1
degree: 219 | 4
eff size: 200.02511415525103 | 2.5
constraint: 0.028452652356739612 | 0.2540856381692824
community: 3(447) | 3(447)

3561 | 137|-1
degree: 631 | 10
eff size: 585.4381933438965 | 8.45
constraint: 0.016187658484268733 | 0.15276111111111113
community: 1(482) | 16(80)

1239 | 90|-1
degree: 452 | 3
eff size: 415.25331858407054 | -1
constraint: 0.02159936035538154 | 0.34059669007872434
community: 1(482) | 3(447)

701 | 3302|-1
degree: 743 | 15
eff size: 706.9273216689105 | 14.100000000000001
constraint: 0.012505038624604042 | 0.08625325904064289
community: 3(447) | 2(458)

702 | 8301|0
degree: 106 | 3
eff size: 82.55660377358488 | 2.0
constraint: 0.01993641818205887 | 0.5555555555555556
community: 2(458) | 2(458)

1221 | 7474|-1
degree: 45 | 15
eff size: 44.45555555555554 | 14.233333333333334
constraint: 0.030405680920785178 | 0.11015872869031008
community: 6(176) | 6(176)

174 | 4969|0
degree: 91 | 28
eff size: 51.0 | 15.767857142857144
constraint: 0.04332261515596675 | 0.08195996125502036
community: 4(321) | 4(321)

5671 | 5676|0
degree: 3 | 8
eff size: 2.0 | 7.0
constraint: 0.5555555555555556 | 0.15625
community: 12(115) | 12(115)

1800 | 2548|0
degree: 31 | 170
eff size: 17.016129032258064 | 142.9911764705882
constraint: 0.061626973502639876 | 0.026737846433357998
community: 13(93) | 3(447)

2514 | 7511|-1
degree: 11 | 2
eff size: 8.954545454545455 | -1
constraint: 0.13227606755803528 | 0.5
community: 11(120) | 11(120)

3257 | 6900|0
degree: 54 | 4
eff size: 32.3148148148148 | 3.0
constraint: 0.04214677795493393 | 0.375
community: 2(458) | 2(458)

6335 | 8100|-1
degree: 3 | 2
eff size: 2.3333333333333335 | -1
constraint: 0.342315182444548 | 0.5
community: 17(70) | 17(70)

2871 | 3257|0
degree: 6 | 54
eff size: 4.833333333333333 | 32.3148148148148
constraint: 0.22282362571239125 | 0.04214677795493393
community: 2(458) | 2(458)

6863 | 2766|-1
degree: 7 | 2
eff size: 6.714285714285715 | -1
constraint: 0.17191043083900226 | 0.6199333900226757
community: 8(132) | 8(132)

5623 | 6742|-1
degree: 5 | 10
eff size: 5.0 | 4.800000000000001
constraint: 0.20000000000000004 | 0.23686102246999025
community: 2(458) | 2(458)

5727 | 7473|-1
degree: 16 | 5
eff size: 13.75 | 5.0
constraint: 0.08059053647929175 | 0.20000000000000004
community: 6(176) | 6(176)

1273 | 2510|0
degree: 24 | 9
eff size: 17.9375 | 5.722222222222222
constraint: 0.08051324230023313 | 0.1971908673850598
community: 2(458) | 11(120)

2764 | 7579|-1
degree: 17 | 1
eff size: 16.205882352941178 | -1
constraint: 0.09284866452027432 | 1.0
community: 6(176) | 6(176)

1239 | 6428|-1
degree: 452 | 2
eff size: 415.25331858407054 | -1
constraint: 0.02159936035538154 | 0.5131539036177293
community: 1(482) | 12(115)

6660 | 6427|-1
degree: 20 | 9
eff size: 10.024999999999999 | 5.555555555555555
constraint: 0.09470561659128941 | 0.22650341801856952
community: 4(321) | 2(458)

3847 | 3951|0
degree: 96 | 39
eff size: 52.62499999999999 | 22.256410256410255
constraint: 0.038825660701372874 | 0.052689967928459105
community: 4(321) | 4(321)

701 | 5378|-1
degree: 743 | 45
eff size: 706.9273216689105 | 24.8
constraint: 0.012505038624604042 | 0.05137766705838606
community: 3(447) | 2(458)

1755 | 5418|-1
degree: 91 | 16
eff size: 84.46703296703296 | 7.53125
constraint: 0.018811078889205055 | 0.1274002258441222
community: 2(458) | 2(458)

6478 | 6716|0
degree: 23 | 10
eff size: 6.760869565217392 | 3.0999999999999996
constraint: 0.11033001342703691 | 0.21614289059713998
community: 4(321) | 4(321)

2603 | 1887|-1
degree: 16 | 7
eff size: 12.4375 | 5.857142857142858
constraint: 0.09622716228540713 | 0.1861143765158118
community: 13(93) | 13(93)

5400 | 6679|-1
degree: 25 | 8
eff size: 22.0 | 6.125
constraint: 0.05438087531324568 | 0.20000012213797555
community: 2(458) | 2(458)

5378 | 6902|0
degree: 45 | 7
eff size: 24.8 | 4.5
constraint: 0.05137766705838606 | 0.2312100466601078
community: 2(458) | 2(458)

3576 | 7013|-1
degree: 6 | 2
eff size: 6.0 | -1
constraint: 0.16666666666666669 | 0.5
community: 16(80) | 16(80)

6235 | 10741|-1
degree: 23 | 2
eff size: 17.021739130434785 | -1
constraint: 0.07084638027653015 | 0.5228851205952886
community: 14(86) | 14(86)

5455 | 5448|-1
degree: 3 | 4
eff size: 2.5 | 3.25
constraint: 0.41916666666666663 | 0.354375
community: 16(80) | 16(80)

5509 | 8526|-1
degree: 4 | 2
eff size: 3.75 | 2.0
constraint: 0.26465868530636527 | 0.5
community: 2(458) | 2(458)

1239 | 6395|-1
degree: 452 | 7
eff size: 415.25331858407054 | 1.5000000000000004
constraint: 0.02159936035538154 | 0.23800753763835625
community: 1(482) | 4(321)

5673 | 5672|-1
degree: 9 | 2
eff size: 9.0 | 2.0
constraint: 0.1111111111111111 | 0.5
community: 17(70) | 17(70)

2493 | 4470|-1
degree: 23 | 2
eff size: 22.76086956521739 | -1
constraint: 0.04747432718913643 | 0.7166561646712875
community: 15(85) | 15(85)

703 | 7474|-1
degree: 11 | 15
eff size: 9.454545454545455 | 14.233333333333334
constraint: 0.11536904245745075 | 0.11015872869031008
community: 6(176) | 6(176)

450 | 1589|0
degree: 5 | 3
eff size: 2.7 | 1.5
constraint: 0.43243615721451945 | 0.6659029058428007
community: 10(122) | 10(122)

3561 | 1138|-1
degree: 631 | 2
eff size: 585.4381933438965 | 2.0
constraint: 0.016187658484268733 | 0.5
community: 1(482) | 2(458)

5441 | 5451|-1
degree: 6 | 1
eff size: 5.583333333333333 | -1
constraint: 0.2089583333333333 | 1.0
community: 16(80) | 16(80)

1833 | 8532|0
degree: 7 | 2
eff size: 5.142857142857143 | 1.0
constraint: 0.18589471108538913 | 1.0
community: 13(93) | 13(93)

701 | 8451|-1
degree: 743 | 1
eff size: 706.9273216689105 | -1
constraint: 0.012505038624604042 | 1.0
community: 3(447) | 3(447)

6684 | 3313|-1
degree: 7 | 3
eff size: 7.0 | -1
constraint: 0.14285714285714285 | 0.3333333333333333
community: 2(458) | 2(458)

1239 | 7275|0
degree: 452 | 3
eff size: 415.25331858407054 | 2.0
constraint: 0.02159936035538154 | 0.5555555555555556
community: 1(482) | 1(482)

10748 | 3527|-1
degree: 2 | 2
eff size: 2.0 | -1
constraint: 0.5 | 0.5
community: 3(447) | 3(447)

2764 | 4805|-1
degree: 17 | 6
eff size: 16.205882352941178 | 6.0
constraint: 0.09284866452027432 | 0.16666666666666669
community: 6(176) | 6(176)

174 | 8218|0
degree: 91 | 8
eff size: 51.0 | 4.125
constraint: 0.04332261515596675 | 0.1967680591618572
community: 4(321) | 4(321)

5696 | 5097|-1
degree: 81 | 6
eff size: 62.72222222222222 | 6.0
constraint: 0.02468647854334607 | 0.16666666666666669
community: 14(86) | 14(86)

1653 | 5378|0
degree: 10 | 45
eff size: 7.7 | 24.8
constraint: 0.14592520692417235 | 0.05137766705838606
community: 13(93) | 2(458)

97 | 7633|-1
degree: 8 | 2
eff size: 5.6875 | -1
constraint: 0.1817369298468991 | 0.5
community: 5(194) | 5(194)

724 | 1601|-1
degree: 4 | 1
eff size: 3.625 | -1
constraint: 0.33266900510204084 | 1.0
community: 4(321) | 4(321)

2914 | 6235|0
degree: 212 | 23
eff size: 115.6462264150943 | 17.021739130434785
constraint: 0.024917280456101108 | 0.07084638027653015
community: 4(321) | 14(86)

7021 | 10279|-1
degree: 3 | 2
eff size: 3.0 | -1
constraint: 0.3333333333333333 | 0.5
community: 16(80) | 16(80)

3491 | 4550|0
degree: 54 | 9
eff size: 39.63888888888889 | 4.777777777777778
constraint: 0.04083345411646526 | 0.1951009319987417
community: 4(321) | 5(194)

174 | 7767|-1
degree: 91 | 3
eff size: 51.0 | -1
constraint: 0.04332261515596675 | 0.34584809924269055
community: 4(321) | 4(321)

6746 | 6715|-1
degree: 2 | 3
eff size: 1.25 | -1
constraint: 0.7288888888888889 | 0.48753086419753083
community: 18(63) | 18(63)

3561 | 6340|-1
degree: 631 | 1
eff size: 585.4381933438965 | -1
constraint: 0.016187658484268733 | 1.0
community: 1(482) | 1(482)

3576 | 4372|-1
degree: 6 | 2
eff size: 6.0 | -1
constraint: 0.16666666666666669 | 0.5
community: 16(80) | 16(80)

4565 | 6113|0
degree: 34 | 54
eff size: 16.058823529411764 | 39.2037037037037
constraint: 0.07596002972866413 | 0.03606541582043029
community: 3(447) | 17(70)

701 | 6460|-1
degree: 743 | 2
eff size: 706.9273216689105 | -1
constraint: 0.012505038624604042 | 0.502935004054313
community: 3(447) | 1(482)

6542 | 7087|-1
degree: 3 | 2
eff size: 3.0 | 2.0
constraint: 0.3333333333333333 | 0.5
community: 1(482) | 1(482)

8091 | 5651|-1
degree: 2 | 5
eff size: 2.0 | 5.0
constraint: 0.5 | 0.20000000000000004
community: 14(86) | 14(86)

1239 | 3361|0
degree: 452 | 6
eff size: 415.25331858407054 | 3.166666666666667
constraint: 0.02159936035538154 | 0.30235604342234224
community: 1(482) | 1(482)

3847 | 6082|0
degree: 96 | 12
eff size: 52.62499999999999 | 7.958333333333333
constraint: 0.038825660701372874 | 0.1494443392743684
community: 4(321) | 4(321)

702 | 3244|0
degree: 106 | 3
eff size: 82.55660377358488 | 2.0
constraint: 0.01993641818205887 | 0.5555555555555556
community: 2(458) | 18(63)

1913 | 5188|-1
degree: 121 | 1
eff size: 119.98347107438016 | -1
constraint: 0.008588059406992551 | 1.0
community: 10(122) | 10(122)

174 | 10584|-1
degree: 91 | 2
eff size: 51.0 | -1
constraint: 0.04332261515596675 | 0.5124574758051215
community: 4(321) | 4(321)

1913 | 5232|-1
degree: 121 | 1
eff size: 119.98347107438016 | -1
constraint: 0.008588059406992551 | 1.0
community: 10(122) | 10(122)

1913 | 5208|-1
degree: 121 | 1
eff size: 119.98347107438016 | -1
constraint: 0.008588059406992551 | 1.0
community: 10(122) | 10(122)

5646 | 6217|-1
degree: 65 | 1
eff size: 52.29230769230769 | -1
constraint: 0.032402643520215386 | 1.0
community: 5(194) | 5(194)

2548 | 4200|0
degree: 170 | 95
eff size: 142.9911764705882 | 75.18947368421051
constraint: 0.026737846433357998 | 0.03277601829345763
community: 3(447) | 12(115)

3257 | 6705|0
degree: 54 | 5
eff size: 32.3148148148148 | 4.0
constraint: 0.04214677795493393 | 0.28
community: 2(458) | 2(458)

194 | 209|-1
degree: 5 | 2
eff size: 3.2 | -1
constraint: 0.37758619347511924 | 0.7627160493827161
community: 5(194) | 5(194)

3915 | 7769|-1
degree: 25 | 2
eff size: 17.14 | -1
constraint: 0.08179190848220497 | 0.5215074183569584
community: 1(482) | 1(482)

701 | 8090|-1
degree: 743 | 2
eff size: 706.9273216689105 | -1
constraint: 0.012505038624604042 | 0.5841879431399843
community: 3(447) | 5(194)

1849 | 2876|-1
degree: 69 | 1
eff size: 38.40579710144928 | -1
constraint: 0.04968989449240593 | 1.0
community: 2(458) | 2(458)

5683 | 5666|-1
degree: 45 | 3
eff size: 32.31111111111111 | 2.3333333333333335
constraint: 0.04467598401630111 | 0.3441348208815268
community: 4(321) | 4(321)

3257 | 5401|0
degree: 54 | 3
eff size: 32.3148148148148 | 2.0
constraint: 0.04214677795493393 | 0.5555555555555556
community: 2(458) | 2(458)

1913 | 509|-1
degree: 121 | 1
eff size: 119.98347107438016 | -1
constraint: 0.008588059406992551 | 1.0
community: 10(122) | 10(122)

1 | 7254|-1
degree: 219 | 2
eff size: 200.02511415525103 | -1
constraint: 0.028452652356739612 | 0.5061743579205624
community: 3(447) | 3(447)

293 | 4540|-1
degree: 198 | 11
eff size: 109.12121212121204 | 2.727272727272727
constraint: 0.023093265902481962 | 0.16383834993947505
community: 5(194) | 4(321)

5771 | 6308|0
degree: 5 | 6
eff size: 3.4 | 5.0
constraint: 0.286686784635728 | 0.2222222222222222
community: 12(115) | 12(115)

4004 | 7727|-1
degree: 28 | 1
eff size: 26.78571428571429 | -1
constraint: 0.03970685356838528 | 1.0
community: 9(128) | 9(128)

1239 | 7836|-1
degree: 452 | 3
eff size: 415.25331858407054 | 1.0
constraint: 0.02159936035538154 | 0.5943421822729882
community: 1(482) | 17(70)

2529 | 8539|-1
degree: 16 | 2
eff size: 10.875 | -1
constraint: 0.10955230502357761 | 0.5
community: 2(458) | 2(458)

4969 | 5000|-1
degree: 28 | 20
eff size: 15.767857142857144 | 8.1
constraint: 0.08195996125502036 | 0.10827189550586115
community: 4(321) | 4(321)

1913 | 4125|-1
degree: 121 | 1
eff size: 119.98347107438016 | -1
constraint: 0.008588059406992551 | 1.0
community: 10(122) | 10(122)

6453 | 3257|-1
degree: 64 | 54
eff size: 63.3984375 | 32.3148148148148
constraint: 0.0236574721338225 | 0.04214677795493393
community: 9(128) | 2(458)

724 | 400|-1
degree: 4 | 2
eff size: 3.625 | -1
constraint: 0.33266900510204084 | 0.6588010204081634
community: 4(321) | 4(321)

6113 | 6461|-1
degree: 54 | 36
eff size: 39.2037037037037 | 21.1388888888889
constraint: 0.03606541582043029 | 0.07969254668097667
community: 17(70) | 4(321)

1239 | 6210|-1
degree: 452 | 1
eff size: 415.25331858407054 | -1
constraint: 0.02159936035538154 | 1.0
community: 1(482) | 1(482)

3257 | 5409|0
degree: 54 | 13
eff size: 32.3148148148148 | 7.923076923076923
constraint: 0.04214677795493393 | 0.12848740105533502
community: 2(458) | 2(458)

4006 | 7913|-1
degree: 24 | 2
eff size: 8.520833333333334 | -1
constraint: 0.10099127234708528 | 0.5447504842313715
community: 3(447) | 3(447)

5792 | 7226|-1
degree: 2 | 2
eff size: 2.0 | -1
constraint: 0.5 | 0.5
community: 1(482) | 1(482)

3300 | 5400|-1
degree: 63 | 25
eff size: 39.50793650793651 | 22.0
constraint: 0.037488817319707664 | 0.05438087531324568
community: 2(458) | 2(458)

4716 | 4711|-1
degree: 4 | 3
eff size: 3.125 | -1
constraint: 0.3241225158801757 | 0.43194139997353587
community: 11(120) | 11(120)

8151 | 3484|-1
degree: 5 | 2
eff size: 5.0 | -1
constraint: 0.20000000000000004 | 0.5
community: 20(36) | 20(36)

1913 | 3895|-1
degree: 121 | 1
eff size: 119.98347107438016 | -1
constraint: 0.008588059406992551 | 1.0
community: 10(122) | 10(122)

1800 | 5696|0
degree: 31 | 81
eff size: 17.016129032258064 | 62.72222222222222
constraint: 0.061626973502639876 | 0.02468647854334607
community: 13(93) | 14(86)

4565 | 6130|-1
degree: 34 | 3
eff size: 16.058823529411764 | -1
constraint: 0.07596002972866413 | 0.3629334667743522
community: 3(447) | 3(447)

1239 | 5041|-1
degree: 452 | 2
eff size: 415.25331858407054 | -1
constraint: 0.02159936035538154 | 0.5035649905008959
community: 1(482) | 1(482)

1239 | 10608|-1
degree: 452 | 2
eff size: 415.25331858407054 | -1
constraint: 0.02159936035538154 | 0.5088588976468991
community: 1(482) | 5(194)

6685 | 8442|-1
degree: 8 | 3
eff size: 7.75 | -1
constraint: 0.14930555555555555 | 0.44926697530864196
community: 2(458) | 2(458)

4000 | 4969|0
degree: 82 | 28
eff size: 61.890243902439025 | 15.767857142857144
constraint: 0.022856337808459973 | 0.08195996125502036
community: 2(458) | 4(321)

1913 | 655|-1
degree: 121 | 1
eff size: 119.98347107438016 | -1
constraint: 0.008588059406992551 | 1.0
community: 10(122) | 10(122)

6115 | 10784|-1
degree: 3 | 1
eff size: 2.3333333333333335 | -1
constraint: 0.3740557707694984 | 1.0
community: 4(321) | 4(321)

701 | 7026|-1
degree: 743 | 2
eff size: 706.9273216689105 | -1
constraint: 0.012505038624604042 | 0.505934766773437
community: 3(447) | 3(447)

5413 | 8297|0
degree: 112 | 7
eff size: 58.09375000000002 | 4.2857142857142865
constraint: 0.030845330314790215 | 0.24439325049747787
community: 4(321) | 2(458)

4778 | 4779|-1
degree: 7 | 3
eff size: 6.857142857142858 | 2.0
constraint: 0.14679135196126286 | 0.5555555555555556
community: 6(176) | 6(176)

4006 | 7964|-1
degree: 24 | 1
eff size: 8.520833333333334 | -1
constraint: 0.10099127234708528 | 1.0
community: 3(447) | 3(447)

1664 | 2056|-1
degree: 3 | 7
eff size: 1.5 | 3.3571428571428577
constraint: 0.625588309397833 | 0.27257990768228313
community: 7(138) | 7(138)

3220 | 5378|0
degree: 5 | 45
eff size: 3.6999999999999997 | 24.8
constraint: 0.33071109718850344 | 0.05137766705838606
community: 4(321) | 2(458)

1273 | 6659|0
degree: 24 | 5
eff size: 17.9375 | 2.2
constraint: 0.08051324230023313 | 0.399849108367627
community: 2(458) | 2(458)

174 | 3563|0
degree: 91 | 8
eff size: 51.0 | 2.75
constraint: 0.04332261515596675 | 0.19940111074482758
community: 4(321) | 4(321)

702 | 3243|0
degree: 106 | 6
eff size: 82.55660377358488 | 4.416666666666667
constraint: 0.01993641818205887 | 0.2237593572738515
community: 2(458) | 2(458)

6082 | 3066|-1
degree: 12 | 3
eff size: 7.958333333333333 | -1
constraint: 0.1494443392743684 | 0.3333333333333333
community: 4(321) | 4(321)

2548 | 7058|-1
degree: 170 | 4
eff size: 142.9911764705882 | 2.625
constraint: 0.026737846433357998 | 0.2905982964832964
community: 3(447) | 5(194)

2041 | 10431|-1
degree: 57 | 2
eff size: 43.850877192982445 | -1
constraint: 0.04461475418570523 | 0.5191993531141048
community: 12(115) | 12(115)

1913 | 423|-1
degree: 121 | 1
eff size: 119.98347107438016 | -1
constraint: 0.008588059406992551 | 1.0
community: 10(122) | 10(122)

174 | 3407|0
degree: 91 | 14
eff size: 51.0 | 3.1428571428571437
constraint: 0.04332261515596675 | 0.1403442045598844
community: 4(321) | 4(321)

3339 | 6810|-1
degree: 5 | 1
eff size: 5.0 | -1
constraint: 0.20000000000000004 | 1.0
community: 19(48) | 19(48)

4134 | 5727|0
degree: 9 | 16
eff size: 7.444444444444445 | 13.75
constraint: 0.14192939139078958 | 0.08059053647929175
community: 6(176) | 6(176)

1755 | 3303|-1
degree: 91 | 23
eff size: 84.46703296703296 | 20.84782608695652
constraint: 0.018811078889205055 | 0.05157210797073139
community: 2(458) | 13(93)

2529 | 5459|-1
degree: 16 | 80
eff size: 10.875 | 40.29374999999999
constraint: 0.10955230502357761 | 0.04444416238624117
community: 2(458) | 2(458)

7476 | 7571|0
degree: 4 | 3
eff size: 1.875 | 1.1666666666666667
constraint: 0.5880555555555556 | 0.7245679012345678
community: 6(176) | 6(176)

5618 | 1891|-1
degree: 4 | 3
eff size: 4.0 | 3.0
constraint: 0.25 | 0.3333333333333333
community: 2(458) | 2(458)

4969 | 5683|0
degree: 28 | 45
eff size: 15.767857142857144 | 32.31111111111111
constraint: 0.08195996125502036 | 0.04467598401630111
community: 4(321) | 4(321)

1913 | 3892|-1
degree: 121 | 1
eff size: 119.98347107438016 | -1
constraint: 0.008588059406992551 | 1.0
community: 10(122) | 10(122)

6763 | 8330|-1
degree: 2 | 2
eff size: 2.0 | -1
constraint: 0.5 | 0.5
community: 2(458) | 2(458)

3561 | 5792|-1
degree: 631 | 2
eff size: 585.4381933438965 | 2.0
constraint: 0.016187658484268733 | 0.5
community: 1(482) | 1(482)

1664 | 1673|0
degree: 3 | 105
eff size: 1.5 | 62.599999999999994
constraint: 0.625588309397833 | 0.031010043149335895
community: 7(138) | 7(138)

2856 | 5559|-1
degree: 22 | 5
eff size: 19.113636363636363 | 4.4
constraint: 0.07693041718051119 | 0.26996098357310483
community: 2(458) | 2(458)

8454 | 3286|-1
degree: 3 | 12
eff size: 2.666666666666667 | 6.791666666666668
constraint: 0.35273057851239664 | 0.165385908561329
community: 2(458) | 2(458)

4742 | 7594|-1
degree: 4 | 22
eff size: 2.75 | 11.818181818181818
constraint: 0.35752078969142176 | 0.09527925675297926
community: 6(176) | 6(176)

1755 | 3233|-1
degree: 91 | 1
eff size: 84.46703296703296 | -1
constraint: 0.018811078889205055 | 1.0
community: 2(458) | 2(458)

1239 | 10772|-1
degree: 452 | 1
eff size: 415.25331858407054 | -1
constraint: 0.02159936035538154 | 1.0
community: 1(482) | 1(482)

701 | 6583|-1
degree: 743 | 1
eff size: 706.9273216689105 | -1
constraint: 0.012505038624604042 | 1.0
community: 3(447) | 3(447)

5412 | 8421|-1
degree: 4 | 2
eff size: 3.75 | -1
constraint: 0.26772261639030615 | 0.5
community: 2(458) | 2(458)

6391 | 7833|-1
degree: 5 | 3
eff size: 3.8000000000000003 | -1
constraint: 0.20583337454899356 | 0.3489412643612844
community: 12(115) | 12(115)

5400 | 6683|-1
degree: 25 | 9
eff size: 22.0 | 4.388888888888889
constraint: 0.05438087531324568 | 0.2312524235665917
community: 2(458) | 2(458)

6850 | 6731|-1
degree: 5 | 6
eff size: 4.7 | 6.0
constraint: 0.2061040562824395 | 0.16666666666666669
community: 8(132) | 8(132)

3559 | 7558|-1
degree: 14 | 2
eff size: 14.0 | -1
constraint: 0.07142857142857142 | 0.5
community: 21(32) | 21(32)

5378 | 6716|0
degree: 45 | 10
eff size: 24.8 | 3.0999999999999996
constraint: 0.05137766705838606 | 0.21614289059713998
community: 2(458) | 4(321)

293 | 6235|0
degree: 198 | 23
eff size: 109.12121212121204 | 17.021739130434785
constraint: 0.023093265902481962 | 0.07084638027653015
community: 5(194) | 14(86)

1913 | 5309|-1
degree: 121 | 1
eff size: 119.98347107438016 | -1
constraint: 0.008588059406992551 | 1.0
community: 10(122) | 10(122)

5441 | 5448|-1
degree: 6 | 4
eff size: 5.583333333333333 | 3.25
constraint: 0.2089583333333333 | 0.354375
community: 16(80) | 16(80)

6427 | 8001|0
degree: 9 | 11
eff size: 5.555555555555555 | 7.636363636363637
constraint: 0.22650341801856952 | 0.1713661871237629
community: 2(458) | 2(458)

701 | 10884|-1
degree: 743 | 2
eff size: 706.9273216689105 | -1
constraint: 0.012505038624604042 | 0.5
community: 3(447) | 7(138)

702 | 5409|-1
degree: 106 | 13
eff size: 82.55660377358488 | 7.923076923076923
constraint: 0.01993641818205887 | 0.12848740105533502
community: 2(458) | 2(458)

5413 | 7777|0
degree: 112 | 2
eff size: 58.09375000000002 | 1.0
constraint: 0.030845330314790215 | 1.0
community: 4(321) | 4(321)

1890 | 3333|-1
degree: 8 | 47
eff size: 6.875 | 23.531914893617028
constraint: 0.14006974793475005 | 0.06586104747326484
community: 2(458) | 2(458)

174 | 568|0
degree: 91 | 28
eff size: 51.0 | 11.803571428571429
constraint: 0.04332261515596675 | 0.08048154389031438
community: 4(321) | 4(321)

8316 | 5578|-1
degree: 2 | 1
eff size: 2.0 | -1
constraint: 0.5 | 1.0
community: 18(63) | 18(63)

6805 | 2871|-1
degree: 9 | 6
eff size: 5.666666666666667 | 4.833333333333333
constraint: 0.19065157750342934 | 0.22282362571239125
community: 2(458) | 2(458)

1138 | 1103|-1
degree: 2 | 19
eff size: 2.0 | 10.736842105263156
constraint: 0.5 | 0.14245797323544984
community: 2(458) | 2(458)

1239 | 7748|-1
degree: 452 | 2
eff size: 415.25331858407054 | -1
constraint: 0.02159936035538154 | 0.5038045816480212
community: 1(482) | 1(482)

1239 | 1982|-1
degree: 452 | 7
eff size: 415.25331858407054 | 5.285714285714286
constraint: 0.02159936035538154 | 0.22886374226472445
community: 1(482) | 1(482)

1 | 6143|-1
degree: 219 | 2
eff size: 200.02511415525103 | -1
constraint: 0.028452652356739612 | 0.5093262913629191
community: 3(447) | 4(321)

6681 | 6683|0
degree: 3 | 9
eff size: 2.0 | 4.388888888888889
constraint: 0.5555555555555556 | 0.2312524235665917
community: 2(458) | 2(458)

3300 | 5427|0
degree: 63 | 6
eff size: 39.50793650793651 | 3.75
constraint: 0.037488817319707664 | 0.30290277427843565
community: 2(458) | 2(458)

3463 | 4492|-1
degree: 8 | 3
eff size: 6.375 | -1
constraint: 0.15880792604256555 | 0.3333333333333333
community: 7(138) | 7(138)

3561 | 7122|-1
degree: 631 | 2
eff size: 585.4381933438965 | -1
constraint: 0.016187658484268733 | 0.5278013311629579
community: 1(482) | 15(85)

2685 | 3847|0
degree: 50 | 96
eff size: 40.24 | 52.62499999999999
constraint: 0.02816325011798499 | 0.038825660701372874
community: 17(70) | 4(321)

2578 | 3254|-1
degree: 14 | 11
eff size: 13.0 | 10.818181818181818
constraint: 0.0816326530612245 | 0.10281060036882726
community: 8(132) | 8(132)

3847 | 4058|0
degree: 96 | 12
eff size: 52.62499999999999 | 9.083333333333334
constraint: 0.038825660701372874 | 0.11576105823819807
community: 4(321) | 4(321)

2109 | 3300|0
degree: 5 | 63
eff size: 3.0 | 39.50793650793651
constraint: 0.3600000000000001 | 0.037488817319707664
community: 2(458) | 2(458)

1982 | 7096|-1
degree: 7 | 3
eff size: 5.285714285714286 | 2.5
constraint: 0.22886374226472445 | 0.36764622782815265
community: 1(482) | 1(482)

6687 | 6730|-1
degree: 3 | 8
eff size: 3.0 | 7.75
constraint: 0.3333333333333333 | 0.1533203125
community: 13(93) | 13(93)

2917 | 5378|0
degree: 17 | 45
eff size: 9.588235294117647 | 24.8
constraint: 0.10942287297722134 | 0.05137766705838606
community: 2(458) | 2(458)

4969 | 8001|-1
degree: 28 | 11
eff size: 15.767857142857144 | 7.636363636363637
constraint: 0.08195996125502036 | 0.1713661871237629
community: 4(321) | 2(458)

1667 | 6805|0
degree: 5 | 9
eff size: 4.0 | 5.666666666666667
constraint: 0.28 | 0.19065157750342934
community: 4(321) | 2(458)

1955 | 6668|0
degree: 14 | 4
eff size: 10.642857142857142 | 2.375
constraint: 0.1268109095490048 | 0.4844104308390023
community: 18(63) | 18(63)

1273 | 6779|-1
degree: 24 | 3
eff size: 17.9375 | -1
constraint: 0.08051324230023313 | 0.3333333333333333
community: 2(458) | 2(458)

1290 | 6742|0
degree: 12 | 10
eff size: 8.291666666666666 | 4.800000000000001
constraint: 0.14763638079240526 | 0.23686102246999025
community: 2(458) | 2(458)

1239 | 6254|-1
degree: 452 | 2
eff size: 415.25331858407054 | -1
constraint: 0.02159936035538154 | 0.5038045816480212
community: 1(482) | 1(482)

3254 | 3326|-1
degree: 11 | 2
eff size: 10.818181818181818 | -1
constraint: 0.10281060036882726 | 0.5
community: 8(132) | 8(132)

5651 | 6433|-1
degree: 5 | 2
eff size: 5.0 | -1
constraint: 0.20000000000000004 | 0.5
community: 14(86) | 14(86)

701 | 7751|-1
degree: 743 | 2
eff size: 706.9273216689105 | -1
constraint: 0.012505038624604042 | 0.5127198856292164
community: 3(447) | 12(115)

1913 | 489|-1
degree: 121 | 1
eff size: 119.98347107438016 | -1
constraint: 0.008588059406992551 | 1.0
community: 10(122) | 10(122)

1239 | 4358|-1
degree: 452 | 4
eff size: 415.25331858407054 | 3.25
constraint: 0.02159936035538154 | 0.2559410525050224
community: 1(482) | 14(86)

1913 | 4221|-1
degree: 121 | 1
eff size: 119.98347107438016 | -1
constraint: 0.008588059406992551 | 1.0
community: 10(122) | 10(122)

5676 | 6592|-1
degree: 8 | 2
eff size: 7.0 | -1
constraint: 0.15625 | 0.5
community: 12(115) | 12(115)

1913 | 3891|-1
degree: 121 | 1
eff size: 119.98347107438016 | -1
constraint: 0.008588059406992551 | 1.0
community: 10(122) | 10(122)

1913 | 5234|-1
degree: 121 | 1
eff size: 119.98347107438016 | -1
constraint: 0.008588059406992551 | 1.0
community: 10(122) | 10(122)

2848 | 8592|-1
degree: 5 | 2
eff size: 4.6 | -1
constraint: 0.25694444444444453 | 0.6534027777777778
community: 8(132) | 8(132)

6680 | 6683|0
degree: 14 | 9
eff size: 8.357142857142858 | 4.388888888888889
constraint: 0.1532718210583553 | 0.2312524235665917
community: 2(458) | 2(458)

2856 | 3608|-1
degree: 22 | 4
eff size: 19.113636363636363 | 4.0
constraint: 0.07693041718051119 | 0.25
community: 2(458) | 6(176)

6095 | 6954|-1
degree: 4 | 2
eff size: 2.5 | -1
constraint: 0.25258045243247956 | 0.5
community: 1(482) | 1(482)

1 | 10303|0
degree: 219 | 19
eff size: 200.02511415525103 | 10.342105263157896
constraint: 0.028452652356739612 | 0.11236973878563124
community: 3(447) | 4(321)

5378 | 5696|0
degree: 45 | 81
eff size: 24.8 | 62.72222222222222
constraint: 0.05137766705838606 | 0.02468647854334607
community: 2(458) | 14(86)

668 | 7170|-1
degree: 33 | 21
eff size: 15.590909090909092 | 14.928571428571429
constraint: 0.07330644017530362 | 0.09106523969057709
community: 7(138) | 7(138)

2150 | 3899|-1
degree: 4 | 2
eff size: 3.125 | -1
constraint: 0.32955109825798024 | 0.6417324183569583
community: 1(482) | 1(482)

1913 | 5218|-1
degree: 121 | 1
eff size: 119.98347107438016 | -1
constraint: 0.008588059406992551 | 1.0
community: 10(122) | 10(122)

1913 | 2744|-1
degree: 121 | 1
eff size: 119.98347107438016 | -1
constraint: 0.008588059406992551 | 1.0
community: 10(122) | 10(122)

5119 | 3576|-1
degree: 4 | 6
eff size: 3.5 | 6.0
constraint: 0.25158163216094875 | 0.16666666666666669
community: 16(80) | 16(80)

3306 | 5427|-1
degree: 5 | 6
eff size: 3.6 | 3.75
constraint: 0.3136911060720585 | 0.30290277427843565
community: 2(458) | 2(458)

3257 | 6754|0
degree: 54 | 10
eff size: 32.3148148148148 | 5.85
constraint: 0.04214677795493393 | 0.2416692361639501
community: 2(458) | 2(458)

1327 | 3358|-1
degree: 9 | 1
eff size: 9.0 | -1
constraint: 0.1111111111111111 | 1.0
community: 7(138) | 7(138)

5696 | 3393|-1
degree: 81 | 2
eff size: 62.72222222222222 | -1
constraint: 0.02468647854334607 | 0.5
community: 14(86) | 5(194)

1759 | 2853|-1
degree: 20 | 4
eff size: 18.349999999999998 | 3.75
constraint: 0.0645751126598706 | 0.2710667438271605
community: 13(93) | 13(93)

2874 | 5378|0
degree: 10 | 45
eff size: 6.65 | 24.8
constraint: 0.15845753151896985 | 0.05137766705838606
community: 2(458) | 2(458)

2118 | 2578|0
degree: 29 | 14
eff size: 21.75862068965517 | 13.0
constraint: 0.05906293586889884 | 0.0816326530612245
community: 8(132) | 8(132)

702 | 8399|0
degree: 106 | 3
eff size: 82.55660377358488 | 2.0
constraint: 0.01993641818205887 | 0.5555555555555556
community: 2(458) | 2(458)

3257 | 6783|0
degree: 54 | 5
eff size: 32.3148148148148 | 1.9000000000000001
constraint: 0.04214677795493393 | 0.4616402294994387
community: 2(458) | 2(458)

6742 | 8578|0
degree: 10 | 9
eff size: 4.800000000000001 | 4.333333333333334
constraint: 0.23686102246999025 | 0.2370752542520116
community: 2(458) | 2(458)

3303 | 6837|0
degree: 23 | 2
eff size: 20.84782608695652 | 1.0
constraint: 0.05157210797073139 | 1.0
community: 13(93) | 13(93)

4000 | 3262|-1
degree: 82 | 3
eff size: 61.890243902439025 | -1
constraint: 0.022856337808459973 | 0.3333333333333333
community: 2(458) | 2(458)

2549 | 3632|-1
degree: 3 | 6
eff size: 2.3333333333333335 | 5.666666666666667
constraint: 0.38876543209876535 | 0.19209876543209875
community: 20(36) | 20(36)

2493 | 10264|-1
degree: 23 | 2
eff size: 22.76086956521739 | -1
constraint: 0.04747432718913643 | 0.5
community: 15(85) | 15(85)

6902 | 8473|-1
degree: 7 | 2
eff size: 4.5 | -1
constraint: 0.2312100466601078 | 0.5
community: 2(458) | 2(458)

1852 | 7377|-1
degree: 11 | 3
eff size: 9.454545454545455 | -1
constraint: 0.12689064294645425 | 0.3333333333333333
community: 5(194) | 5(194)

702 | 3328|-1
degree: 106 | 8
eff size: 82.55660377358488 | 5.5625
constraint: 0.01993641818205887 | 0.19241429546176145
community: 2(458) | 2(458)

4000 | 8528|-1
degree: 82 | 2
eff size: 61.890243902439025 | -1
constraint: 0.022856337808459973 | 0.521866804858777
community: 2(458) | 2(458)

2860 | 6806|0
degree: 5 | 4
eff size: 3.5 | 2.375
constraint: 0.37250000000000005 | 0.50140625
community: 9(128) | 9(128)

6681 | 1717|-1
degree: 3 | 2
eff size: 2.0 | -1
constraint: 0.5555555555555556 | 0.5
community: 2(458) | 2(458)

1741 | 6793|-1
degree: 10 | 5
eff size: 9.0 | 4.0
constraint: 0.12000000000000002 | 0.28
community: 13(93) | 13(93)

174 | 7922|0
degree: 91 | 13
eff size: 51.0 | 7.346153846153846
constraint: 0.04332261515596675 | 0.1328159247294704
community: 4(321) | 4(321)

3343 | 2848|-1
degree: 17 | 5
eff size: 15.500000000000002 | 4.6
constraint: 0.07870089985873474 | 0.25694444444444453
community: 8(132) | 8(132)

2519 | 4677|-1
degree: 5 | 4
eff size: 2.8000000000000003 | 1.5
constraint: 0.3843793089628835 | 0.5249521099111518
community: 11(120) | 11(120)

7570 | 7569|-1
degree: 3 | 2
eff size: 1.8333333333333335 | -1
constraint: 0.5931172839506171 | 0.7288888888888889
community: 6(176) | 6(176)

1982 | 6295|-1
degree: 7 | 3
eff size: 5.285714285714286 | -1
constraint: 0.22886374226472445 | 0.40396304394710236
community: 1(482) | 1(482)

3257 | 6659|0
degree: 54 | 5
eff size: 32.3148148148148 | 2.2
constraint: 0.04214677795493393 | 0.399849108367627
community: 2(458) | 2(458)

1273 | 3257|0
degree: 24 | 54
eff size: 17.9375 | 32.3148148148148
constraint: 0.08051324230023313 | 0.04214677795493393
community: 2(458) | 2(458)

6082 | 6115|-1
degree: 12 | 3
eff size: 7.958333333333333 | 2.3333333333333335
constraint: 0.1494443392743684 | 0.3740557707694984
community: 4(321) | 4(321)

174 | 6469|0
degree: 91 | 5
eff size: 51.0 | 0.9999999999999998
constraint: 0.04332261515596675 | 0.2957067804994767
community: 4(321) | 4(321)

93 | 2914|0
degree: 8 | 212
eff size: 6.1875 | 115.6462264150943
constraint: 0.15771954196703747 | 0.024917280456101108
community: 5(194) | 4(321)

1913 | 5235|-1
degree: 121 | 1
eff size: 119.98347107438016 | -1
constraint: 0.008588059406992551 | 1.0
community: 10(122) | 10(122)

5441 | 5450|-1
degree: 6 | 1
eff size: 5.583333333333333 | -1
constraint: 0.2089583333333333 | 1.0
community: 16(80) | 16(80)

2578 | 3235|-1
degree: 14 | 1
eff size: 13.0 | -1
constraint: 0.0816326530612245 | 1.0
community: 8(132) | 8(132)

2602 | 6680|0
degree: 3 | 14
eff size: 2.0 | 8.357142857142858
constraint: 0.5555555555555556 | 0.1532718210583553
community: 9(128) | 2(458)

5646 | 10268|-1
degree: 65 | 1
eff size: 52.29230769230769 | -1
constraint: 0.032402643520215386 | 1.0
community: 5(194) | 5(194)

3343 | 5567|-1
degree: 17 | 1
eff size: 15.500000000000002 | -1
constraint: 0.07870089985873474 | 1.0
community: 8(132) | 8(132)

3561 | 5033|-1
degree: 631 | 2
eff size: 585.4381933438965 | -1
constraint: 0.016187658484268733 | 0.5
community: 1(482) | 4(321)

5408 | 8278|-1
degree: 16 | 1
eff size: 15.0 | -1
constraint: 0.0703125 | 1.0
community: 22(22) | 22(22)

5455 | 5456|-1
degree: 3 | 1
eff size: 2.5 | -1
constraint: 0.41916666666666663 | 1.0
community: 16(80) | 16(80)

1331 | 5761|0
degree: 6 | 7
eff size: 4.0 | 3.8571428571428568
constraint: 0.2777777777777778 | 0.22593629430049383
community: 1(482) | 1(482)

701 | 10413|-1
degree: 743 | 2
eff size: 706.9273216689105 | -1
constraint: 0.012505038624604042 | 0.502935004054313
community: 3(447) | 1(482)

852 | 6509|0
degree: 10 | 10
eff size: 9.0 | 8.0
constraint: 0.12000000000000005 | 0.14000000000000004
community: 15(85) | 15(85)

3257 | 4269|0
degree: 54 | 4
eff size: 32.3148148148148 | 3.0
constraint: 0.04214677795493393 | 0.375
community: 2(458) | 2(458)

3561 | 4452|-1
degree: 631 | 2
eff size: 585.4381933438965 | -1
constraint: 0.016187658484268733 | 0.502935004054313
community: 1(482) | 1(482)

4780 | 7541|0
degree: 12 | 4
eff size: 9.0 | 3.0
constraint: 0.125 | 0.375
community: 6(176) | 6(176)

5696 | 10245|-1
degree: 81 | 2
eff size: 62.72222222222222 | -1
constraint: 0.02468647854334607 | 0.5202927335771985
community: 14(86) | 4(321)

3789 | 7756|-1
degree: 7 | 2
eff size: 6.2857142857142865 | -1
constraint: 0.15661401198601316 | 0.5
community: 7(138) | 7(138)

636 | 1914|0
degree: 3 | 3
eff size: 2.0 | 2.0
constraint: 0.5555555555555556 | 0.5555555555555556
community: 10(122) | 10(122)

174 | 2551|0
degree: 91 | 36
eff size: 51.0 | 18.194444444444443
constraint: 0.04332261515596675 | 0.06734559966757499
community: 4(321) | 4(321)

3741 | 7020|-1
degree: 10 | 2
eff size: 8.149999999999999 | -1
constraint: 0.21578711111111115 | 0.5
community: 19(48) | 19(48)

701 | 10796|-1
degree: 743 | 2
eff size: 706.9273216689105 | -1
constraint: 0.012505038624604042 | 0.502935004054313
community: 3(447) | 1(482)

5623 | 6904|-1
degree: 5 | 2
eff size: 5.0 | -1
constraint: 0.20000000000000004 | 0.5
community: 2(458) | 2(458)

1270 | 6754|-1
degree: 7 | 10
eff size: 6.071428571428573 | 5.85
constraint: 0.1937501871094032 | 0.2416692361639501
community: 2(458) | 2(458)

3257 | 5459|0
degree: 54 | 80
eff size: 32.3148148148148 | 40.29374999999999
constraint: 0.04214677795493393 | 0.04444416238624117
community: 2(458) | 2(458)

1239 | 3845|-1
degree: 452 | 2
eff size: 415.25331858407054 | -1
constraint: 0.02159936035538154 | 0.5035649905008959
community: 1(482) | 1(482)

8342 | 8606|-1
degree: 12 | 1
eff size: 11.333333333333334 | -1
constraint: 0.13872181560782149 | 1.0
community: 8(132) | 8(132)

517 | 6|-1
degree: 8 | 2
eff size: 6.75 | -1
constraint: 0.1575023525963743 | 0.5
community: 8(132) | 8(132)

2041 | 10512|-1
degree: 57 | 2
eff size: 43.850877192982445 | -1
constraint: 0.04461475418570523 | 0.5191993531141048
community: 12(115) | 12(115)

297 | 668|0
degree: 44 | 33
eff size: 23.36363636363636 | 15.590909090909092
constraint: 0.04920629213716379 | 0.07330644017530362
community: 7(138) | 7(138)

5696 | 6235|0
degree: 81 | 23
eff size: 62.72222222222222 | 17.021739130434785
constraint: 0.02468647854334607 | 0.07084638027653015
community: 14(86) | 14(86)

1257 | 3300|0
degree: 13 | 63
eff size: 7.73076923076923 | 39.50793650793651
constraint: 0.13999463688081876 | 0.037488817319707664
community: 2(458) | 2(458)

145 | 7377|-1
degree: 45 | 3
eff size: 33.24444444444444 | -1
constraint: 0.04502167581751563 | 0.3333333333333333
community: 5(194) | 5(194)

6332 | 3905|-1
degree: 13 | 2
eff size: 13.0 | -1
constraint: 0.07692307692307694 | 0.5
community: 20(36) | 20(36)

5378 | 5459|-1
degree: 45 | 80
eff size: 24.8 | 40.29374999999999
constraint: 0.05137766705838606 | 0.04444416238624117
community: 2(458) | 2(458)

1913 | 3888|-1
degree: 121 | 1
eff size: 119.98347107438016 | -1
constraint: 0.008588059406992551 | 1.0
community: 10(122) | 10(122)

701 | 5650|-1
degree: 743 | 22
eff size: 706.9273216689105 | 21.25
constraint: 0.012505038624604042 | 0.06244042248559339
community: 3(447) | 14(86)

3303 | 8659|0
degree: 23 | 3
eff size: 20.84782608695652 | 2.0
constraint: 0.05157210797073139 | 0.5555555555555556
community: 13(93) | 13(93)

1755 | 1213|-1
degree: 91 | 4
eff size: 84.46703296703296 | 4.0
constraint: 0.018811078889205055 | 0.25
community: 2(458) | 2(458)

2548 | 10971|0
degree: 170 | 3
eff size: 142.9911764705882 | 1.0
constraint: 0.026737846433357998 | 0.5620429847380592
community: 3(447) | 3(447)

4778 | 7541|-1
degree: 7 | 4
eff size: 6.857142857142858 | 3.0
constraint: 0.14679135196126286 | 0.375
community: 6(176) | 6(176)

2764 | 9265|-1
degree: 17 | 1
eff size: 16.205882352941178 | -1
constraint: 0.09284866452027432 | 1.0
community: 6(176) | 6(176)

284 | 1682|-1
degree: 2 | 1
eff size: 2.0 | -1
constraint: 0.5 | 1.0
community: 3(447) | 3(447)

4200 | 6391|-1
degree: 95 | 5
eff size: 75.18947368421051 | 3.8000000000000003
constraint: 0.03277601829345763 | 0.20583337454899356
community: 12(115) | 12(115)

1913 | 3894|-1
degree: 121 | 1
eff size: 119.98347107438016 | -1
constraint: 0.008588059406992551 | 1.0
community: 10(122) | 10(122)

2493 | 7271|-1
degree: 23 | 4
eff size: 22.76086956521739 | -1
constraint: 0.04747432718913643 | 0.25
community: 15(85) | 15(85)

702 | 5590|0
degree: 106 | 5
eff size: 82.55660377358488 | 1.9000000000000001
constraint: 0.01993641818205887 | 0.38996554019198143
community: 2(458) | 13(93)

6793 | 6820|-1
degree: 5 | 1
eff size: 4.0 | -1
constraint: 0.28 | 1.0
community: 13(93) | 13(93)

2118 | 8350|0
degree: 29 | 3
eff size: 21.75862068965517 | 1.1666666666666667
constraint: 0.05906293586889884 | 0.6092183394254341
community: 8(132) | 8(132)

8174 | 3381|-1
degree: 2 | 2
eff size: 2.0 | -1
constraint: 0.5 | 0.5
community: 7(138) | 7(138)

3269 | 5499|-1
degree: 4 | 4
eff size: 4.0 | -1
constraint: 0.25 | 0.25
community: 2(458) | 2(458)

1913 | 3885|-1
degree: 121 | 1
eff size: 119.98347107438016 | -1
constraint: 0.008588059406992551 | 1.0
community: 10(122) | 10(122)

1913 | 745|-1
degree: 121 | 6
eff size: 119.98347107438016 | 5.666666666666667
constraint: 0.008588059406992551 | 0.16807745188358297
community: 10(122) | 10(122)

1328 | 6332|-1
degree: 3 | 13
eff size: 3.0 | 13.0
constraint: 0.3333333333333333 | 0.07692307692307694
community: 20(36) | 20(36)

786 | 4000|0
degree: 17 | 82
eff size: 10.176470588235295 | 61.890243902439025
constraint: 0.11102398489887261 | 0.022856337808459973
community: 2(458) | 2(458)

3561 | 5050|-1
degree: 631 | 9
eff size: 585.4381933438965 | 8.88888888888889
constraint: 0.016187658484268733 | 0.1117050661143153
community: 1(482) | 16(80)

4200 | 4565|0
degree: 95 | 34
eff size: 75.18947368421051 | 16.058823529411764
constraint: 0.03277601829345763 | 0.07596002972866413
community: 12(115) | 3(447)

7618 | 4780|-1
degree: 2 | 12
eff size: 2.0 | 9.0
constraint: 0.5 | 0.125
community: 6(176) | 6(176)

3720 | 3847|0
degree: 14 | 96
eff size: 5.464285714285714 | 52.62499999999999
constraint: 0.13538869665879974 | 0.038825660701372874
community: 4(321) | 4(321)

3246 | 3300|0
degree: 9 | 63
eff size: 4.388888888888889 | 39.50793650793651
constraint: 0.2094172608227097 | 0.037488817319707664
community: 13(93) | 2(458)

3340 | 6784|-1
degree: 9 | 2
eff size: 7.722222222222222 | -1
constraint: 0.15741440609165475 | 0.5
community: 18(63) | 18(63)

3301 | 5381|0
degree: 11 | 3
eff size: 6.0 | 2.0
constraint: 0.17355371900826447 | 0.5555555555555556
community: 24(8) | 24(8)

1913 | 4216|-1
degree: 121 | 1
eff size: 119.98347107438016 | -1
constraint: 0.008588059406992551 | 1.0
community: 10(122) | 10(122)

6218 | 6239|-1
degree: 10 | 2
eff size: 5.7 | -1
constraint: 0.16763967887751768 | 0.5
community: 4(321) | 4(321)

3561 | 10413|-1
degree: 631 | 2
eff size: 585.4381933438965 | -1
constraint: 0.016187658484268733 | 0.502935004054313
community: 1(482) | 1(482)

6453 | 7565|-1
degree: 64 | 1
eff size: 63.3984375 | -1
constraint: 0.0236574721338225 | 1.0
community: 9(128) | 9(128)

5448 | 5442|-1
degree: 4 | 1
eff size: 3.25 | -1
constraint: 0.354375 | 1.0
community: 16(80) | 16(80)

1913 | 4217|-1
degree: 121 | 1
eff size: 119.98347107438016 | -1
constraint: 0.008588059406992551 | 1.0
community: 10(122) | 10(122)

7319 | 6331|-1
degree: 2 | 2
eff size: 2.0 | -1
constraint: 0.5 | 0.5
community: 3(447) | 3(447)

1913 | 466|-1
degree: 121 | 1
eff size: 119.98347107438016 | -1
constraint: 0.008588059406992551 | 1.0
community: 10(122) | 10(122)

1 | 1913|0
degree: 219 | 121
eff size: 200.02511415525103 | 119.98347107438016
constraint: 0.028452652356739612 | 0.008588059406992551
community: 3(447) | 10(122)

8517 | 8678|-1
degree: 5 | 1
eff size: 5.0 | -1
constraint: 0.20000000000000004 | 1.0
community: 2(458) | 2(458)

5417 | 1140|-1
degree: 11 | 2
eff size: 8.045454545454545 | -1
constraint: 0.22965536104900502 | 0.5
community: 2(458) | 2(458)

3701 | 3582|-1
degree: 8 | 3
eff size: 6.25 | 1.0
constraint: 0.2516243980162968 | 0.6778435386258455
community: 4(321) | 4(321)

2548 | 8391|-1
degree: 170 | 2
eff size: 142.9911764705882 | -1
constraint: 0.026737846433357998 | 0.6129498269896194
community: 3(447) | 2(458)

702 | 3286|0
degree: 106 | 12
eff size: 82.55660377358488 | 6.791666666666668
constraint: 0.01993641818205887 | 0.165385908561329
community: 2(458) | 2(458)

