8629| 1|-1
7912| 2|-1
7668| 2|-1
8172| 2|-1
10985| 2|-1
11023| 1|-1
3916| 1|-1
7636| 1|-1
5005| 3|2.0
10753| 1|-1
1879| 1|-1
1309| 1|-1
8594| 1|-1
9284| 1|-1
11045| 1|-1
8597| 1|-1
7461| 1|-1
3825| 1|-1
7529| 2|-1
10787| 2|-1
10676| 2|-1
1940| 1|-1
1724| 1|-1
7664| 1|-1
8703| 2|-1
8648| 1|-1
10957| 2|-1
11050| 1|-1
1723| 1|-1
10881| 1|-1
11014| 1|-1
1304| 1|-1
10995| 2|-1
8697| 2|2.0
10246| 1|-1
10902| 1|-1
8675| 1|-1
7288| 3|2.0
8602| 2|-1
11040| 2|-1
7671| 2|-1
5690| 1|-1
10560| 1|-1
10558| 1|-1
11035| 2|-1
2470| 1|-1
1722| 1|-1
11059| 2|-1
8197| 1|-1
8717| 1|-1
8688| 2|-1
10453| 2|-1
2477| 1|-1
8685| 2|-1
6579| 3|1.1666666666666667
37| 1|-1
11025| 1|-1
1720| 1|-1
10997| 2|-1
5681| 2|2.0
10778| 1|-1
11028| 2|2.0
7182| 2|-1
8623| 1|-1
11013| 2|-1
6530| 1|-1
1300| 1|-1
7469| 2|1.0
5939| 1|-1
10960| 2|-1
8671| 1|-1
9282| 1|-1
11019| 2|-1
1725| 3|2.666666666666667
1941| 1|-1
4449| 2|-1
8684| 1|-1
1938| 1|-1
4369| 1|-1
11015| 1|-1
10988| 1|-1
4861| 1|-1
8636| 1|-1
8561| 2|2.0
3553| 1|-1
10539| 3|-1
11029| 1|-1
267| 1|-1
6699| 1|-1
10946| 1|-1
4109| 1|-1
8691| 1|-1
8281| 2|-1
10991| 1|-1
8616| 2|-1
10870| 2|2.0
1503| 1|-1
8600| 1|-1
11038| 2|2.0
8672| 2|2.0
4252| 1|-1
7942| 1|-1
8562| 1|-1
11041| 1|-1
10994| 1|-1
8718| 2|-1
8630| 1|-1
10760| 1|-1
6304| 1|-1
1715| 1|-1
7154| 1|-1
2478| 1|-1
6987| 1|-1
5680| 2|2.0
1716| 1|-1
1719| 1|-1
104| 4|3.25
1721| 1|-1
8429| 1|-1
851| 2|2.0
8700| 1|-1
3996| 4|-1
10938| 1|-1
8701| 1|-1
7794| 1|-1
2471| 1|-1
10628| 2|-1
7702| 1|-1
8625| 1|-1
8653| 1|-1
7532| 1|-1
8208| 1|-1
11052| 1|-1
8686| 1|-1
592| 1|-1
8072| 1|-1
8598| 1|-1
10980| 2|-1
10459| 2|-1
4758| 2|-1
9267| 2|-1
7522| 2|-1
8650| 1|-1
11004| 2|-1
8640| 2|-1
6312| 1|-1
4471| 1|-1
8715| 2|-1
7516| 2|-1
3699| 2|-1
8599| 1|-1
8676| 2|1.0
10657| 1|-1
7910| 2|-1
7418| 1|-1
7523| 2|-1
10972| 3|2.3333333333333335
11079| 1|-1
11011| 1|-1
6968| 2|2.0
8065| 1|-1
779| 1|-1
2474| 1|-1
8663| 1|-1
10866| 2|2.0
7716| 2|-1
8488| 1|-1
9283| 2|-1
8681| 1|-1
11003| 2|-1
7342| 2|-1
10956| 1|-1
11030| 2|-1
1939| 1|-1
8680| 2|2.0
10404| 2|-1
10959| 2|-1
