5217| 1|-1
8383| 1|-1
3895| 1|-1
1664| 3|1.5
7255| 1|-1
1601| 1|-1
7777| 2|1.0
1682| 1|-1
4221| 1|-1
8451| 1|-1
3890| 1|-1
8353| 1|-1
5309| 1|-1
5567| 1|-1
3887| 1|-1
5211| 1|-1
456| 1|-1
3894| 1|-1
5846| 1|-1
457| 1|-1
10335| 1|-1
10606| 1|-1
3886| 1|-1
7769| 2|-1
4215| 1|-1
5792| 2|2.0
489| 1|-1
4217| 1|-1
10526| 1|-1
5232| 1|-1
2117| 1|-1
5501| 2|-1
2573| 1|-1
3892| 1|-1
509| 1|-1
10772| 1|-1
8532| 2|1.0
2654| 1|-1
7957| 1|-1
655| 1|-1
4617| 1|-1
9265| 1|-1
5208| 1|-1
5251| 1|-1
5220| 1|-1
209| 2|-1
7964| 1|-1
6810| 1|-1
4489| 1|-1
1238| 1|-1
5241| 1|-1
284| 2|2.0
5046| 1|-1
466| 1|-1
1686| 1|-1
6583| 1|-1
8678| 1|-1
6551| 1|-1
8606| 1|-1
1138| 2|2.0
6217| 1|-1
7787| 1|-1
7565| 1|-1
5235| 1|-1
2744| 1|-1
3889| 1|-1
5240| 1|-1
6340| 1|-1
3888| 1|-1
5813| 1|-1
6837| 2|1.0
1991| 1|-1
3891| 1|-1
5234| 1|-1
5218| 1|-1
7579| 1|-1
5672| 2|2.0
10413| 2|-1
4125| 1|-1
5188| 1|-1
8278| 1|-1
5323| 1|-1
2876| 1|-1
4137| 1|-1
10268| 1|-1
7836| 3|1.0
3538| 2|2.0
3885| 1|-1
4216| 1|-1
4804| 1|-1
10691| 1|-1
744| 1|-1
423| 1|-1
